{
  "metadata": {
    "start_time": 1771442574.0343406,
    "tip_offset_body": [
      0.0,
      0.13752252060999998,
      -0.08207403558
    ],
    "imu_to_tip_body": [
      0.0,
      0.0,
      0.0
    ],
    "filtered": true,
    "filter_type": "OneEuro",
    "video_source": "outputs/video.mp4",
    "end_time": 1771442967.815607,
    "cv_count": 187
  },
  "cv_readings": [
    {
      "timestamp": 1771442579.1343405,
      "local_timestamp": 1771442579.1343405,
      "center_pos_cam": [
        -0.16409926655879045,
        -0.08714261990065078,
        0.37736195622591556
      ],
      "imu_pos_cam": [
        -0.16409926655879045,
        -0.08714261990065078,
        0.37736195622591556
      ],
      "tip_pos_cam": [
        -0.07279492797620819,
        0.01962202914506496,
        0.4542607108416914
      ],
      "R_cam": [
        [
          -0.723052851698891,
          0.2896449432586777,
          -0.6271366521698273
        ],
        [
          0.12963594442349946,
          0.9486153544227633,
          0.2886579832029646
        ],
        [
          0.6785197827355728,
          0.1274155257339269,
          -0.7234474329475626
        ]
      ]
    },
    {
      "timestamp": 1771442579.167674,
      "local_timestamp": 1771442579.167674,
      "center_pos_cam": [
        -0.16400572832326005,
        -0.08665068788441935,
        0.3772044944052009
      ],
      "imu_pos_cam": [
        -0.16400572832326005,
        -0.08665068788441935,
        0.3772044944052009
      ],
      "tip_pos_cam": [
        -0.07267561655859119,
        0.019678069064357345,
        0.4546744700221846
      ],
      "R_cam": [
        [
          -0.72386765323804,
          0.29068012197132465,
          -0.6257161395444333
        ],
        [
          0.12777301501908875,
          0.9477071046111823,
          0.29244709009053516
        ],
        [
          0.6780041867338169,
          0.13174335110443225,
          -0.7231555933623067
        ]
      ]
    },
    {
      "timestamp": 1771442579.2010074,
      "local_timestamp": 1771442579.2010074,
      "center_pos_cam": [
        -0.16413701841827547,
        -0.08606180062838649,
        0.37774386543551836
      ],
      "imu_pos_cam": [
        -0.16413701841827547,
        -0.08606180062838649,
        0.37774386543551836
      ],
      "tip_pos_cam": [
        -0.0730561540583743,
        0.02007996043047043,
        0.4557617717012775
      ],
      "R_cam": [
        [
          -0.723318589312048,
          0.28765690779582687,
          -0.6277449496037161
        ],
        [
          0.12098258848090708,
          0.9478289520716972,
          0.2949296372003463
        ],
        [
          0.6798333852055872,
          0.13738188021719444,
          -0.7203837778211695
        ]
      ]
    },
    {
      "timestamp": 1771442579.2343407,
      "local_timestamp": 1771442579.2343407,
      "center_pos_cam": [
        -0.16330440606908458,
        -0.0848550113135217,
        0.3760850603053974
      ],
      "imu_pos_cam": [
        -0.16330440606908458,
        -0.0848550113135217,
        0.3760850603053974
      ],
      "tip_pos_cam": [
        -0.07282441314016407,
        0.021153000496037924,
        0.45497906073053584
      ],
      "R_cam": [
        [
          -0.7241631981283894,
          0.2824617816890162,
          -0.6291287661214754
        ],
        [
          0.11161456966294335,
          0.9482492355695387,
          0.29726347754263766
        ],
        [
          0.6805364430472621,
          0.1450473340908161,
          -0.718214049262285
        ]
      ]
    },
    {
      "timestamp": 1771442579.267674,
      "local_timestamp": 1771442579.267674,
      "center_pos_cam": [
        -0.1619883493104201,
        -0.08319172197851207,
        0.3733447773843905
      ],
      "imu_pos_cam": [
        -0.1619883493104201,
        -0.08319172197851207,
        0.3733447773843905
      ],
      "tip_pos_cam": [
        -0.07195577660501984,
        0.02265817956294079,
        0.4529596327006348
      ],
      "R_cam": [
        [
          -0.7249247438207811,
          0.27874188261325183,
          -0.6299103735243569
        ],
        [
          0.10449287737915108,
          0.9483837422091637,
          0.29941529034163933
        ],
        [
          0.6808563390124237,
          0.1512324052264018,
          -0.7166333827251119
        ]
      ]
    },
    {
      "timestamp": 1771442579.3010073,
      "local_timestamp": 1771442579.3010073,
      "center_pos_cam": [
        -0.1610780363158681,
        -0.0816909795049619,
        0.37117947482817004
      ],
      "imu_pos_cam": [
        -0.1610780363158681,
        -0.0816909795049619,
        0.37117947482817004
      ],
      "tip_pos_cam": [
        -0.07325462019024657,
        0.024146306722397995,
        0.45324108226653786
      ],
      "R_cam": [
        [
          -0.7363245929149287,
          0.2677606002036755,
          -0.6213938806000844
        ],
        [
          0.09115397323890832,
          0.949250706798326,
          0.3010216749764691
        ],
        [
          0.6704603247257998,
          0.16500714112257708,
          -0.7233640828428856
        ]
      ]
    },
    {
      "timestamp": 1771442579.3343406,
      "local_timestamp": 1771442579.3343406,
      "center_pos_cam": [
        -0.16037068685053524,
        -0.08021890637415643,
        0.3696645310349682
      ],
      "imu_pos_cam": [
        -0.16037068685053524,
        -0.08021890637415643,
        0.3696645310349682
      ],
      "tip_pos_cam": [
        -0.07350043683228223,
        0.02572802260223042,
        0.4525946154045963
      ],
      "R_cam": [
        [
          -0.7378254488577733,
          0.25990192942016255,
          -0.6229483077282593
        ],
        [
          0.08038287413261216,
          0.9501625701823484,
          0.30121368456737585
        ],
        [
          0.6701881829486446,
          0.17216874660678344,
          -0.7219457889120506
        ]
      ]
    },
    {
      "timestamp": 1771442579.3676739,
      "local_timestamp": 1771442579.3676739,
      "center_pos_cam": [
        -0.15991742006748,
        -0.07876707806198376,
        0.36846057149005873
      ],
      "imu_pos_cam": [
        -0.15991742006748,
        -0.07876707806198376,
        0.36846057149005873
      ],
      "tip_pos_cam": [
        -0.07384928633098375,
        0.02716384667675073,
        0.45224306686008303
      ],
      "R_cam": [
        [
          -0.7399460060724276,
          0.2541553716377176,
          -0.6228041065737737
        ],
        [
          0.0722565428458059,
          0.9505481948910107,
          0.3020548314551735
        ],
        [
          0.668774177217867,
          0.17850259453894418,
          -0.7217187288891914
        ]
      ]
    },
    {
      "timestamp": 1771442579.4010072,
      "local_timestamp": 1771442579.4010072,
      "center_pos_cam": [
        -0.15914803983874865,
        -0.07709512017326883,
        0.3664417769986156
      ],
      "imu_pos_cam": [
        -0.15914803983874865,
        -0.07709512017326883,
        0.3664417769986156
      ],
      "tip_pos_cam": [
        -0.07332636068574798,
        0.02909501369691167,
        0.45014892034556975
      ],
      "R_cam": [
        [
          -0.7395655685927143,
          0.251435994217353,
          -0.6243578385541951
        ],
        [
          0.0700101210891269,
          0.9513113735350942,
          0.3001753712879496
        ],
        [
          0.6694336058917426,
          0.1782880012639768,
          -0.7211602012785199
        ]
      ]
    },
    {
      "timestamp": 1771442579.4343407,
      "local_timestamp": 1771442579.4343407,
      "center_pos_cam": [
        -0.15978164500179495,
        -0.07612793567373949,
        0.36788506860096404
      ],
      "imu_pos_cam": [
        -0.15978164500179495,
        -0.07612793567373949,
        0.36788506860096404
      ],
      "tip_pos_cam": [
        -0.07315827383183336,
        0.029869358699269474,
        0.45100880855573106
      ],
      "R_cam": [
        [
          -0.7322669901213592,
          0.25239393253690945,
          -0.6325206383962181
        ],
        [
          0.06695405281060024,
          0.9509691868829739,
          0.30195158620442913
        ],
        [
          0.6777183854602447,
          0.17875935896531253,
          -0.713262140865103
        ]
      ]
    },
    {
      "timestamp": 1771442579.467674,
      "local_timestamp": 1771442579.467674,
      "center_pos_cam": [
        -0.1595919501687104,
        -0.07484081772133774,
        0.3669677499627609
      ],
      "imu_pos_cam": [
        -0.1595919501687104,
        -0.07484081772133774,
        0.3669677499627609
      ],
      "tip_pos_cam": [
        -0.07330768491726977,
        0.03110898800834054,
        0.45050370166726617
      ],
      "R_cam": [
        [
          -0.7317817044534043,
          0.24872821444418736,
          -0.634531175251994
        ],
        [
          0.060733808135000275,
          0.9511216005970939,
          0.30278557664962014
        ],
        [
          0.6788276228739454,
          0.18303545071113508,
          -0.7111195976812059
        ]
      ]
    },
    {
      "timestamp": 1771442579.5010073,
      "local_timestamp": 1771442579.5010073,
      "center_pos_cam": [
        -0.15915138235775247,
        -0.07351719167748563,
        0.36552482303768263
      ],
      "imu_pos_cam": [
        -0.15915138235775247,
        -0.07351719167748563,
        0.36552482303768263
      ],
      "tip_pos_cam": [
        -0.07276013436478682,
        0.03235438502320852,
        0.44904938534388045
      ],
      "R_cam": [
        [
          -0.7296831386332453,
          0.2478660311027986,
          -0.6372793326475313
        ],
        [
          0.05790517305221611,
          0.9510385392358806,
          0.30359955174847625
        ],
        [
          0.6813292215428085,
          0.1846297037679184,
          -0.7083095116955874
        ]
      ]
    },
    {
      "timestamp": 1771442579.5343406,
      "local_timestamp": 1771442579.5343406,
      "center_pos_cam": [
        -0.15909174759149244,
        -0.07252408147656961,
        0.36512169958540147
      ],
      "imu_pos_cam": [
        -0.15909174759149244,
        -0.07252408147656961,
        0.36512169958540147
      ],
      "tip_pos_cam": [
        -0.07275691480763564,
        0.033230428761497094,
        0.4488526449031578
      ],
      "R_cam": [
        [
          -0.7286894475859189,
          0.24645105556813768,
          -0.6389628832618363
        ],
        [
          0.054367434293124364,
          0.9508774662032886,
          0.3047560111879611
        ],
        [
          0.6826828480819708,
          0.1873337168695603,
          -0.7062932871396443
        ]
      ]
    },
    {
      "timestamp": 1771442579.567674,
      "local_timestamp": 1771442579.567674,
      "center_pos_cam": [
        -0.15897765274306497,
        -0.0716805815839609,
        0.36475600046009327
      ],
      "imu_pos_cam": [
        -0.15897765274306497,
        -0.0716805815839609,
        0.36475600046009327
      ],
      "tip_pos_cam": [
        -0.07290851972229682,
        0.0339901972574166,
        0.448865344955369
      ],
      "R_cam": [
        [
          -0.7288063209205742,
          0.24404850351998397,
          -0.639751259878301
        ],
        [
          0.05006631805361278,
          0.9508181138460396,
          0.30567675439721287
        ],
        [
          0.6828870407195992,
          0.19074916071090817,
          -0.7051808614145116
        ]
      ]
    },
    {
      "timestamp": 1771442579.6010072,
      "local_timestamp": 1771442579.6010072,
      "center_pos_cam": [
        -0.1588478832567533,
        -0.07101550889310783,
        0.3646326452418477
      ],
      "imu_pos_cam": [
        -0.1588478832567533,
        -0.07101550889310783,
        0.3646326452418477
      ],
      "tip_pos_cam": [
        -0.0730256750915395,
        0.034651635080974935,
        0.4489984811075709
      ],
      "R_cam": [
        [
          -0.7278921703337087,
          0.24092834284423648,
          -0.6419708108482919
        ],
        [
          0.04490068146144842,
          0.9509764755367336,
          0.3059863914948342
        ],
        [
          0.6842199333337059,
          0.1939001717123078,
          -0.7030261774918178
        ]
      ]
    },
    {
      "timestamp": 1771442579.6343405,
      "local_timestamp": 1771442579.6343405,
      "center_pos_cam": [
        -0.15842453515277835,
        -0.07031950409858878,
        0.3640407219700488
      ],
      "imu_pos_cam": [
        -0.15842453515277835,
        -0.07031950409858878,
        0.3640407219700488
      ],
      "tip_pos_cam": [
        -0.07275647486291154,
        0.035302937307253784,
        0.4486189361209522
      ],
      "R_cam": [
        [
          -0.7276134055709181,
          0.23924314044149564,
          -0.6429163645336631
        ],
        [
          0.04186403875596663,
          0.9509525292233644,
          0.30649092877722456
        ],
        [
          0.6847087952498712,
          0.1960918328625076,
          -0.7019414924280319
        ]
      ]
    },
    {
      "timestamp": 1771442579.667674,
      "local_timestamp": 1771442579.667674,
      "center_pos_cam": [
        -0.15776259644623156,
        -0.06961403927953012,
        0.36306087275547594
      ],
      "imu_pos_cam": [
        -0.15776259644623156,
        -0.06961403927953012,
        0.36306087275547594
      ],
      "tip_pos_cam": [
        -0.07247615309400668,
        0.0359353013423991,
        0.44811468081789413
      ],
      "R_cam": [
        [
          -0.7283018434663144,
          0.23627931388305834,
          -0.6432328587957236
        ],
        [
          0.03710201980805529,
          0.9508942985458624,
          0.3072840267881415
        ],
        [
          0.6842513170829346,
          0.19993028490932482,
          -0.7013045103564823
        ]
      ]
    },
    {
      "timestamp": 1771442579.7010074,
      "local_timestamp": 1771442579.7010074,
      "center_pos_cam": [
        -0.15721508646908794,
        -0.06901781914860106,
        0.3623893147226197
      ],
      "imu_pos_cam": [
        -0.15721508646908794,
        -0.06901781914860106,
        0.3623893147226197
      ],
      "tip_pos_cam": [
        -0.07238225446208262,
        0.03656361179936203,
        0.4478559341945907
      ],
      "R_cam": [
        [
          -0.729149735387346,
          0.23279624168824614,
          -0.6435422078157664
        ],
        [
          0.032509790587792756,
          0.951085297399568,
          0.30721307033769435
        ],
        [
          0.6835815802817549,
          0.20308290653376754,
          -0.7010517499966002
        ]
      ]
    },
    {
      "timestamp": 1771442579.7343407,
      "local_timestamp": 1771442579.7343407,
      "center_pos_cam": [
        -0.15665926404411076,
        -0.06849388532033397,
        0.3616136720441888
      ],
      "imu_pos_cam": [
        -0.15665926404411076,
        -0.06849388532033397,
        0.3616136720441888
      ],
      "tip_pos_cam": [
        -0.07216352463444078,
        0.03708584565415568,
        0.44741566164980645
      ],
      "R_cam": [
        [
          -0.7295984384825495,
          0.23006179960930956,
          -0.6440168374540775
        ],
        [
          0.028617739810430184,
          0.9511620982346846,
          0.3073624698136305
        ],
        [
          0.683276769348972,
          0.20582087173636768,
          -0.7005502303373498
        ]
      ]
    },
    {
      "timestamp": 1771442579.767674,
      "local_timestamp": 1771442579.767674,
      "center_pos_cam": [
        -0.15651524921906879,
        -0.06822039655303812,
        0.36176072924907726
      ],
      "imu_pos_cam": [
        -0.15651524921906879,
        -0.06822039655303812,
        0.36176072924907726
      ],
      "tip_pos_cam": [
        -0.0723068197820635,
        0.03733558585318365,
        0.4478738291893609
      ],
      "R_cam": [
        [
          -0.7292195363849358,
          0.22708751266331495,
          -0.6454999065429278
        ],
        [
          0.023842862329126302,
          0.9511868254563512,
          0.30769325796029934
        ],
        [
          0.6838643035504149,
          0.20898536951341296,
          -0.6990384321758342
        ]
      ]
    },
    {
      "timestamp": 1771442579.8010073,
      "local_timestamp": 1771442579.8010073,
      "center_pos_cam": [
        -0.15631337924531458,
        -0.06791141803610609,
        0.3615015203578097
      ],
      "imu_pos_cam": [
        -0.15631337924531458,
        -0.06791141803610609,
        0.3615015203578097
      ],
      "tip_pos_cam": [
        -0.07240580331978498,
        0.03767695691815719,
        0.4478682081959708
      ],
      "R_cam": [
        [
          -0.7306771892217043,
          0.22556572666974845,
          -0.6443841618964716
        ],
        [
          0.022510798079163202,
          0.9512906478708258,
          0.30747254713769717
        ],
        [
          0.6823518953743068,
          0.21015757475154825,
          -0.7001640412457917
        ]
      ]
    },
    {
      "timestamp": 1771442579.8343406,
      "local_timestamp": 1771442579.8343406,
      "center_pos_cam": [
        -0.1560073838342933,
        -0.06757320490081328,
        0.3607881742218104
      ],
      "imu_pos_cam": [
        -0.1560073838342933,
        -0.06757320490081328,
        0.3607881742218104
      ],
      "tip_pos_cam": [
        -0.07242518093256407,
        0.03808090406497332,
        0.44738965000631903
      ],
      "R_cam": [
        [
          -0.7322343428227742,
          0.22391086028080293,
          -0.6431926568604547
        ],
        [
          0.021300045877783072,
          0.9514765634949762,
          0.3069831545303334
        ],
        [
          0.6807196010373906,
          0.2110835753158,
          -0.7014731277785307
        ]
      ]
    },
    {
      "timestamp": 1771442579.8676739,
      "local_timestamp": 1771442579.8676739,
      "center_pos_cam": [
        -0.1555253428995074,
        -0.06715450529240181,
        0.35947190868046575
      ],
      "imu_pos_cam": [
        -0.1555253428995074,
        -0.06715450529240181,
        0.35947190868046575
      ],
      "tip_pos_cam": [
        -0.07222033029582965,
        0.03855931234845847,
        0.44626738451999903
      ],
      "R_cam": [
        [
          -0.7338796013121927,
          0.22278127473756662,
          -0.6417080601053428
        ],
        [
          0.020860704750425646,
          0.9516351548086177,
          0.3065213909822511
        ],
        [
          0.6789591753376435,
          0.2115633138298872,
          -0.703033002401839
        ]
      ]
    },
    {
      "timestamp": 1771442579.9010072,
      "local_timestamp": 1771442579.9010072,
      "center_pos_cam": [
        -0.1557508745750504,
        -0.06709128216572527,
        0.3595903340274169
      ],
      "imu_pos_cam": [
        -0.1557508745750504,
        -0.06709128216572527,
        0.3595903340274169
      ],
      "tip_pos_cam": [
        -0.07278540362155296,
        0.03867341088696033,
        0.44664865542319476
      ],
      "R_cam": [
        [
          -0.7349527964764689,
          0.22059456281673684,
          -0.6412350784284272
        ],
        [
          0.018550232782889267,
          0.9517958511430279,
          0.30617078013850385
        ],
        [
          0.6778644966474635,
          0.21312601108877394,
          -0.7036171029631594
        ]
      ]
    },
    {
      "timestamp": 1771442579.9343407,
      "local_timestamp": 1771442579.9343407,
      "center_pos_cam": [
        -0.15618149023597735,
        -0.0671546038359768,
        0.3599924322646364
      ],
      "imu_pos_cam": [
        -0.15618149023597735,
        -0.0671546038359768,
        0.3599924322646364
      ],
      "tip_pos_cam": [
        -0.07344079063103423,
        0.0386403712399066,
        0.4472276938788068
      ],
      "R_cam": [
        [
          -0.7341716092677382,
          0.21787210910987623,
          -0.6430581561703683
        ],
        [
          0.014459164219933568,
          0.9519190517118081,
          0.30600825406866583
        ],
        [
          0.6788099739362119,
          0.21536448885576823,
          -0.7020221906924404
        ]
      ]
    },
    {
      "timestamp": 1771442579.967674,
      "local_timestamp": 1771442579.967674,
      "center_pos_cam": [
        -0.15619140269052703,
        -0.06696622289055584,
        0.3591534252520995
      ],
      "imu_pos_cam": [
        -0.15619140269052703,
        -0.06696622289055584,
        0.3591534252520995
      ],
      "tip_pos_cam": [
        -0.07349014612962051,
        0.03904132825636876,
        0.44616774737434706
      ],
      "R_cam": [
        [
          -0.7338497455955028,
          0.21723820705169694,
          -0.6436397379640105
        ],
        [
          0.015045514265402155,
          0.9524532003948009,
          0.304313216206906
        ],
        [
          0.6791451857960163,
          0.21363628543546995,
          -0.7022259993445338
        ]
      ]
    },
    {
      "timestamp": 1771442580.0010073,
      "local_timestamp": 1771442580.0010073,
      "center_pos_cam": [
        -0.15689802029283495,
        -0.06709826659703363,
        0.35971374260943706
      ],
      "imu_pos_cam": [
        -0.15689802029283495,
        -0.06709826659703363,
        0.35971374260943706
      ],
      "tip_pos_cam": [
        -0.07434589212817788,
        0.03911081905342609,
        0.4466238527928577
      ],
      "R_cam": [
        [
          -0.7330008856681827,
          0.21516151333787698,
          -0.6453024289337632
        ],
        [
          0.013212363313456765,
          0.952980960666737,
          0.302742005777818
        ],
        [
          0.680099356759976,
          0.21338418822597366,
          -0.7013786802789268
        ]
      ]
    },
    {
      "timestamp": 1771442580.0343406,
      "local_timestamp": 1771442580.0343406,
      "center_pos_cam": [
        -0.15825884861612727,
        -0.06747851323005587,
        0.3617463677116289
      ],
      "imu_pos_cam": [
        -0.15825884861612727,
        -0.06747851323005587,
        0.3617463677116289
      ],
      "tip_pos_cam": [
        -0.0751442401833706,
        0.03894662948546686,
        0.44785235968875636
      ],
      "R_cam": [
        [
          -0.7283246055128088,
          0.21633724138073127,
          -0.6501857173118978
        ],
        [
          0.014517749296718424,
          0.9535131986979688,
          0.30100135359185026
        ],
        [
          0.6850784655497276,
          0.20978745887336464,
          -0.6976078541268635
        ]
      ]
    },
    {
      "timestamp": 1771442580.067674,
      "local_timestamp": 1771442580.067674,
      "center_pos_cam": [
        -0.15948506191994302,
        -0.0677744549633379,
        0.3631520403989239
      ],
      "imu_pos_cam": [
        -0.15948506191994302,
        -0.0677744549633379,
        0.3631520403989239
      ],
      "tip_pos_cam": [
        -0.07619250825419381,
        0.03884013852373855,
        0.4488507565546441
      ],
      "R_cam": [
        [
          -0.7248277680876216,
          0.2150534426442804,
          -0.6545049452952671
        ],
        [
          0.012589152826500777,
          0.9540068778579343,
          0.29952026681155974
        ],
        [
          0.688815083923275,
          0.2088609437080091,
          -0.6941980166733204
        ]
      ]
    },
    {
      "timestamp": 1771442580.1010072,
      "local_timestamp": 1771442580.1010072,
      "center_pos_cam": [
        -0.16063856963385198,
        -0.06796516401223748,
        0.3641545831188383
      ],
      "imu_pos_cam": [
        -0.16063856963385198,
        -0.06796516401223748,
        0.3641545831188383
      ],
      "tip_pos_cam": [
        -0.0770608194313892,
        0.03887919967026676,
        0.44928761203059775
      ],
      "R_cam": [
        [
          -0.7215706024005134,
          0.21496869495485355,
          -0.6581218169463519
        ],
        [
          0.012882072505901399,
          0.9545789940204864,
          0.2976793516231669
        ],
        [
          0.6922210036970224,
          0.20631869610930426,
          -0.6915653820691458
        ]
      ]
    },
    {
      "timestamp": 1771442580.1343405,
      "local_timestamp": 1771442580.1343405,
      "center_pos_cam": [
        -0.16201914142232943,
        -0.06822393317895345,
        0.365445943025016
      ],
      "imu_pos_cam": [
        -0.16201914142232943,
        -0.06822393317895345,
        0.365445943025016
      ],
      "tip_pos_cam": [
        -0.07816823852961985,
        0.03876117583866118,
        0.45013244445163936
      ],
      "R_cam": [
        [
          -0.7187509892794617,
          0.2151537740631183,
          -0.6611398255408548
        ],
        [
          0.013072364255752894,
          0.9549280516090366,
          0.2965493711727174
        ],
        [
          0.6951446818487216,
          0.20450249327713788,
          -0.6891680502902569
        ]
      ]
    },
    {
      "timestamp": 1771442580.167674,
      "local_timestamp": 1771442580.167674,
      "center_pos_cam": [
        -0.16345869945833008,
        -0.06849805227308504,
        0.36684914542625335
      ],
      "imu_pos_cam": [
        -0.16345869945833008,
        -0.06849805227308504,
        0.36684914542625335
      ],
      "tip_pos_cam": [
        -0.07930921027501169,
        0.03865495262991102,
        0.4510256742318537
      ],
      "R_cam": [
        [
          -0.714794408385697,
          0.21468234383866713,
          -0.6655677613770652
        ],
        [
          0.012045900459034281,
          0.9553541049365266,
          0.2952175984982253
        ],
        [
          0.6992308989330154,
          0.20300252566129479,
          -0.6854678143811443
        ]
      ]
    },
    {
      "timestamp": 1771442580.2010074,
      "local_timestamp": 1771442580.2010074,
      "center_pos_cam": [
        -0.16446348889983262,
        -0.06857429226482761,
        0.3671754252064131
      ],
      "imu_pos_cam": [
        -0.16446348889983262,
        -0.06857429226482761,
        0.3671754252064131
      ],
      "tip_pos_cam": [
        -0.08015888769258239,
        0.038715761503177765,
        0.4510215316697426
      ],
      "R_cam": [
        [
          -0.7118935881394866,
          0.2137881177118719,
          -0.6689560223894406
        ],
        [
          0.010612058115212666,
          0.955704829660952,
          0.2941354497256149
        ],
        [
          0.7022071655775426,
          0.2022941405180713,
          -0.6826288723190723
        ]
      ]
    },
    {
      "timestamp": 1771442580.2343407,
      "local_timestamp": 1771442580.2343407,
      "center_pos_cam": [
        -0.16518586557523432,
        -0.06850184449077369,
        0.3667972244272176
      ],
      "imu_pos_cam": [
        -0.16518586557523432,
        -0.06850184449077369,
        0.3667972244272176
      ],
      "tip_pos_cam": [
        -0.08064072715805322,
        0.038948740786198977,
        0.4501943603790637
      ],
      "R_cam": [
        [
          -0.7092897665298247,
          0.21391377646453186,
          -0.6716762042344134
        ],
        [
          0.0110390143989101,
          0.9560981660494724,
          0.2928385852956138
        ],
        [
          0.704830594722709,
          0.20029276850530103,
          -0.6805120422353409
        ]
      ]
    },
    {
      "timestamp": 1771442580.267674,
      "local_timestamp": 1771442580.267674,
      "center_pos_cam": [
        -0.1657531584390232,
        -0.0683641344111361,
        0.36622307665106246
      ],
      "imu_pos_cam": [
        -0.1657531584390232,
        -0.0683641344111361,
        0.36622307665106246
      ],
      "tip_pos_cam": [
        -0.08051474373818011,
        0.03920816059471864,
        0.44875310147703373
      ],
      "R_cam": [
        [
          -0.703507886522694,
          0.2156755836234876,
          -0.6771710981938319
        ],
        [
          0.012285772482042018,
          0.9563878988080037,
          0.291841132824232
        ],
        [
          0.7105812503823132,
          0.19699296850974035,
          -0.6754761705366288
        ]
      ]
    },
    {
      "timestamp": 1771442580.3010073,
      "local_timestamp": 1771442580.3010073,
      "center_pos_cam": [
        -0.16715912566322885,
        -0.06856419453715507,
        0.36731492787772746
      ],
      "imu_pos_cam": [
        -0.16715912566322885,
        -0.06856419453715507,
        0.36731492787772746
      ],
      "tip_pos_cam": [
        -0.0817361444413452,
        0.03911720456227931,
        0.44951116598184643
      ],
      "R_cam": [
        [
          -0.7015268585141315,
          0.21582044480531115,
          -0.6791771509608752
        ],
        [
          0.012621760035547755,
          0.9566531166270652,
          0.2909561919281454
        ],
        [
          0.7125312329694039,
          0.19554117226753137,
          -0.6738418894602359
        ]
      ]
    },
    {
      "timestamp": 1771442580.3343406,
      "local_timestamp": 1771442580.3343406,
      "center_pos_cam": [
        -0.16784417768913273,
        -0.06852156226902892,
        0.36695665428752106
      ],
      "imu_pos_cam": [
        -0.16784417768913273,
        -0.06852156226902892,
        0.36695665428752106
      ],
      "tip_pos_cam": [
        -0.08215761852460675,
        0.039288648608245186,
        0.44870849219014475
      ],
      "R_cam": [
        [
          -0.6981842893079815,
          0.21565555069714593,
          -0.6826649116638557
        ],
        [
          0.012111716667197917,
          0.9569732757784204,
          0.28992318942315254
        ],
        [
          0.7158156218488687,
          0.19415157197259675,
          -0.6707556653638398
        ]
      ]
    },
    {
      "timestamp": 1771442580.3676739,
      "local_timestamp": 1771442580.3676739,
      "center_pos_cam": [
        -0.168565598339563,
        -0.06848960082611608,
        0.3666576047917004
      ],
      "imu_pos_cam": [
        -0.168565598339563,
        -0.06848960082611608,
        0.3666576047917004
      ],
      "tip_pos_cam": [
        -0.08266708098014176,
        0.039451529734657584,
        0.44801329322238237
      ],
      "R_cam": [
        [
          -0.6954917530648832,
          0.21553769854879157,
          -0.6854449080145144
        ],
        [
          0.01197874910356303,
          0.9572945059570437,
          0.28886629854376195
        ],
        [
          0.7184342217549564,
          0.19269335579814417,
          -0.6683723061607207
        ]
      ]
    },
    {
      "timestamp": 1771442580.4010072,
      "local_timestamp": 1771442580.4010072,
      "center_pos_cam": [
        -0.16952143765501387,
        -0.06857603909441996,
        0.36686681773485297
      ],
      "imu_pos_cam": [
        -0.16952143765501387,
        -0.06857603909441996,
        0.36686681773485297
      ],
      "tip_pos_cam": [
        -0.08344813739999385,
        0.039450743329973795,
        0.44792354018004465
      ],
      "R_cam": [
        [
          -0.6928731038009961,
          0.2151580401636241,
          -0.6882106362024075
        ],
        [
          0.011090447131759953,
          0.9575105927271117,
          0.2881847789141423
        ],
        [
          0.7209742464274239,
          0.19204291855812794,
          -0.665819535174573
        ]
      ]
    },
    {
      "timestamp": 1771442580.4343407,
      "local_timestamp": 1771442580.4343407,
      "center_pos_cam": [
        -0.17086015440711713,
        -0.06882330576987886,
        0.36789987409144587
      ],
      "imu_pos_cam": [
        -0.17086015440711713,
        -0.06882330576987886,
        0.36789987409144587
      ],
      "tip_pos_cam": [
        -0.08452703915509134,
        0.039318843584673344,
        0.44852530268052765
      ],
      "R_cam": [
        [
          -0.6899598116514181,
          0.21533760588792403,
          -0.6910753749023305
        ],
        [
          0.01121539096650162,
          0.9577905266374904,
          0.2872481890089949
        ],
        [
          0.7237607845907431,
          0.19043902586900577,
          -0.6632520668001389
        ]
      ]
    },
    {
      "timestamp": 1771442580.467674,
      "local_timestamp": 1771442580.467674,
      "center_pos_cam": [
        -0.17179229710194469,
        -0.06897976196687279,
        0.3681330893395738
      ],
      "imu_pos_cam": [
        -0.17179229710194469,
        -0.06897976196687279,
        0.3681330893395738
      ],
      "tip_pos_cam": [
        -0.08551536103527513,
        0.03914348266359331,
        0.4488439638537504
      ],
      "R_cam": [
        [
          -0.6879206175089707,
          0.21335117719343497,
          -0.6937193230667948
        ],
        [
          0.007174476511291467,
          0.9577703559951065,
          0.28744472871109605
        ],
        [
          0.7257504742629284,
          0.19276208228586403,
          -0.6604006577373711
        ]
      ]
    },
    {
      "timestamp": 1771442580.5010073,
      "local_timestamp": 1771442580.5010073,
      "center_pos_cam": [
        -0.17212868761613884,
        -0.06886050994963523,
        0.36710948761249057
      ],
      "imu_pos_cam": [
        -0.17212868761613884,
        -0.06886050994963523,
        0.36710948761249057
      ],
      "tip_pos_cam": [
        -0.08585322093143531,
        0.039510558099406776,
        0.447488878314097
      ],
      "R_cam": [
        [
          -0.6860665829431705,
          0.21199960720229527,
          -0.6959660985383945
        ],
        [
          0.006588386156313394,
          0.9583746166365621,
          0.2854377118647399
        ],
        [
          0.7275089256748243,
          0.19124398221328553,
          -0.6589055336925524
        ]
      ]
    },
    {
      "timestamp": 1771442580.5343406,
      "local_timestamp": 1771442580.5343406,
      "center_pos_cam": [
        -0.17314572676989914,
        -0.06898335778863379,
        0.3674917417344864
      ],
      "imu_pos_cam": [
        -0.17314572676989914,
        -0.06898335778863379,
        0.3674917417344864
      ],
      "tip_pos_cam": [
        -0.0868015139303165,
        0.039588965975772675,
        0.4475249749118655
      ],
      "R_cam": [
        [
          -0.6838455011413884,
          0.21101984936057017,
          -0.6984453835086362
        ],
        [
          0.006020819862537316,
          0.9588632902707133,
          0.28380440500352555
        ],
        [
          0.7296020012971911,
          0.1898731517278432,
          -0.6569848597616761
        ]
      ]
    },
    {
      "timestamp": 1771442580.567674,
      "local_timestamp": 1771442580.567674,
      "center_pos_cam": [
        -0.1737139765042729,
        -0.06887268805014099,
        0.3669689966143317
      ],
      "imu_pos_cam": [
        -0.1737139765042729,
        -0.06887268805014099,
        0.3669689966143317
      ],
      "tip_pos_cam": [
        -0.08722419044981045,
        0.03984960377541431,
        0.4466406425102656
      ],
      "R_cam": [
        [
          -0.6808644122941718,
          0.21019629237322368,
          -0.7015990099364896
        ],
        [
          0.004938035854456596,
          0.9592283921318916,
          0.28258893738072344
        ],
        [
          0.7323928371258229,
          0.18894022970404314,
          -0.6541424322929765
        ]
      ]
    },
    {
      "timestamp": 1771442580.6010072,
      "local_timestamp": 1771442580.6010072,
      "center_pos_cam": [
        -0.1740539374404242,
        -0.06862384001085052,
        0.3659675332443041
      ],
      "imu_pos_cam": [
        -0.1740539374404242,
        -0.06862384001085052,
        0.3659675332443041
      ],
      "tip_pos_cam": [
        -0.08743738377509064,
        0.040108595378548564,
        0.44548747487371876
      ],
      "R_cam": [
        [
          -0.6799143646234711,
          0.2106496444030993,
          -0.7023839292662593
        ],
        [
          0.005353452857437935,
          0.9592512741226435,
          0.2825036878282974
        ],
        [
          0.733271980455523,
          0.18831813616041532,
          -0.6533364235001005
        ]
      ]
    },
    {
      "timestamp": 1771442580.6343405,
      "local_timestamp": 1771442580.6343405,
      "center_pos_cam": [
        -0.17416538103544216,
        -0.06834219919772745,
        0.3644977294816368
      ],
      "imu_pos_cam": [
        -0.17416538103544216,
        -0.06834219919772745,
        0.3644977294816368
      ],
      "tip_pos_cam": [
        -0.08794404931929922,
        0.040267848237129866,
        0.4446122134692895
      ],
      "R_cam": [
        [
          -0.6834101549868076,
          0.20962090802077124,
          -0.6992922386109081
        ],
        [
          0.004042746080662463,
          0.9589611356122832,
          0.2835087240092048
        ],
        [
          0.7300234354217919,
          0.19092568005836077,
          -0.6562112224194413
        ]
      ]
    },
    {
      "timestamp": 1771442580.667674,
      "local_timestamp": 1771442580.667674,
      "center_pos_cam": [
        -0.17452412147821422,
        -0.06820426548266707,
        0.3637798209666224
      ],
      "imu_pos_cam": [
        -0.17452412147821422,
        -0.06820426548266707,
        0.3637798209666224
      ],
      "tip_pos_cam": [
        -0.08850827996326914,
        0.04034970449003776,
        0.4441906511013494
      ],
      "R_cam": [
        [
          -0.68586756445459,
          0.20955279205349212,
          -0.6969026555923824
        ],
        [
          0.004416892757798191,
          0.9588248711882197,
          0.28396365515547956
        ],
        [
          0.7277129757586399,
          0.19168331626273555,
          -0.6585524513499477
        ]
      ]
    },
    {
      "timestamp": 1771442580.7010074,
      "local_timestamp": 1771442580.7010074,
      "center_pos_cam": [
        -0.17424078337355117,
        -0.06794533660240785,
        0.36177018802277017
      ],
      "imu_pos_cam": [
        -0.17424078337355117,
        -0.06794533660240785,
        0.36177018802277017
      ],
      "tip_pos_cam": [
        -0.089533946518348,
        0.04082706146228671,
        0.44326809106669274
      ],
      "R_cam": [
        [
          -0.6922966817251595,
          0.2026110817763717,
          -0.6925850518266632
        ],
        [
          -0.0015403657079393895,
          0.9593564271336679,
          0.28219297119313436
        ],
        [
          0.7216113439697434,
          0.19642809182683563,
          -0.6638471759339262
        ]
      ]
    },
    {
      "timestamp": 1771442580.7343407,
      "local_timestamp": 1771442580.7343407,
      "center_pos_cam": [
        -0.17463278060677975,
        -0.06796829410568424,
        0.3615356044719502
      ],
      "imu_pos_cam": [
        -0.17463278060677975,
        -0.06796829410568424,
        0.3615356044719502
      ],
      "tip_pos_cam": [
        -0.09018812954499718,
        0.04062302824606277,
        0.4435454612470217
      ],
