{
  "metadata": {
    "start_time": 1771369996.1668324,
    "tip_offset_body": [
      0.0,
      0.13752252060999998,
      -0.08207403558
    ],
    "imu_to_tip_body": [
      0.0,
      0.0,
      0.0
    ],
    "filtered": true,
    "filter_type": "OneEuro",
    "video_source": "outputs/video.mp4",
    "end_time": 1771370002.020181,
    "cv_count": 231
  },
  "cv_readings": [
    {
      "timestamp": 1771369996.6847303,
      "local_timestamp": 1771369996.6847303,
      "center_pos_cam": [
        -0.1067024720359291,
        -0.10048714609948976,
        0.4569513595494915
      ],
      "imu_pos_cam": [
        -0.1067024720359291,
        -0.10048714609948976,
        0.4569513595494915
      ],
      "tip_pos_cam": [
        -0.12978700781606775,
        0.0566263696433323,
        0.477712823131341
      ],
      "R_cam": [
        [
          0.4114680620985187,
          0.3374307863104556,
          0.8466607929524059
        ],
        [
          0.17856102488886033,
          0.881096047296099,
          -0.43793346050493775
        ],
        [
          -0.893761710000786,
          0.3313762512448618,
          0.3022908960709418
        ]
      ]
    },
    {
      "timestamp": 1771369996.7847304,
      "local_timestamp": 1771369996.7847304,
      "center_pos_cam": [
        -0.10542739062329597,
        -0.09573248068625724,
        0.45557493991545084
      ],
      "imu_pos_cam": [
        -0.10542739062329597,
        -0.09573248068625724,
        0.45557493991545084
      ],
      "tip_pos_cam": [
        -0.13273335888446364,
        0.0614959695146461,
        0.46907270032439047
      ],
      "R_cam": [
        [
          0.4829300780961925,
          0.2937567716849829,
          0.8249154494608659
        ],
        [
          0.15781351573649072,
          0.8974282719792971,
          -0.41196770614107786
        ],
        [
          -0.8613207497331608,
          0.32913440376458664,
          0.38703631656168413
        ]
      ]
    },
    {
      "timestamp": 1771369996.8180637,
      "local_timestamp": 1771369996.8180637,
      "center_pos_cam": [
        -0.10309433419583344,
        -0.09273640777641984,
        0.44811912992596925
      ],
      "imu_pos_cam": [
        -0.10309433419583344,
        -0.09273640777641984,
        0.44811912992596925
      ],
      "tip_pos_cam": [
        -0.13213643169330588,
        0.06416283128337436,
        0.4618222809037494
      ],
      "R_cam": [
        [
          0.4934962168478164,
          0.2802118066510003,
          0.8233728361867881
        ],
        [
          0.16591281489142612,
          0.8989663670798653,
          -0.4053793392786961
        ],
        [
          -0.8537765643373542,
          0.33666127527919104,
          0.39714577162005943
        ]
      ]
    },
    {
      "timestamp": 1771369996.851397,
      "local_timestamp": 1771369996.851397,
      "center_pos_cam": [
        -0.10143838689863811,
        -0.09016345134675226,
        0.4422256296240465
      ],
      "imu_pos_cam": [
        -0.10143838689863811,
        -0.09016345134675226,
        0.4422256296240465
      ],
      "tip_pos_cam": [
        -0.13168251984523324,
        0.06648557540112753,
        0.4561886462238256
      ],
      "R_cam": [
        [
          0.5134511022724102,
          0.2668216258514883,
          0.8155821145373504
        ],
        [
          0.17403118239533175,
          0.8983012351475959,
          -0.4034452112572249
        ],
        [
          -0.8402863280628395,
          0.34908610815996743,
          0.4147984763236212
        ]
      ]
    },
    {
      "timestamp": 1771369996.8847303,
      "local_timestamp": 1771369996.8847303,
      "center_pos_cam": [
        -0.09965412198624449,
        -0.08745582433152047,
        0.4349249468510935
      ],
      "imu_pos_cam": [
        -0.09965412198624449,
        -0.08745582433152047,
        0.4349249468510935
      ],
      "tip_pos_cam": [
        -0.13013221270393519,
        0.06927777378599792,
        0.4473449387454321
      ],
      "R_cam": [
        [
          0.5286341042043912,
          0.26052475143205,
          0.807881697876174
        ],
        [
          0.16872012879103448,
          0.9004989410597053,
          -0.4007931826903827
        ],
        [
          -0.8319131577350836,
          0.34817884921634507,
          0.4320786814292324
        ]
      ]
    },
    {
      "timestamp": 1771369996.9180636,
      "local_timestamp": 1771369996.9180636,
      "center_pos_cam": [
        -0.09925731059295538,
        -0.08569894533014014,
        0.4304134135516636
      ],
      "imu_pos_cam": [
        -0.09925731059295538,
        -0.08569894533014014,
        0.4304134135516636
      ],
      "tip_pos_cam": [
        -0.12924437795465005,
        0.07107637760025734,
        0.44348494377691833
      ],
      "R_cam": [
        [
          0.5591825343369345,
          0.25310351946467935,
          0.7894640598071048
        ],
        [
          0.17453169339368169,
          0.8949774987471026,
          -0.41055324226890944
        ],
        [
          -0.8104650401427917,
          0.367360701723759,
          0.45628120006786427
        ]
      ]
    },
    {
      "timestamp": 1771369996.951397,
      "local_timestamp": 1771369996.951397,
      "center_pos_cam": [
        -0.09898356546167143,
        -0.08420632101244786,
        0.42628964363888117
      ],
      "imu_pos_cam": [
        -0.09898356546167143,
        -0.08420632101244786,
        0.42628964363888117
      ],
      "tip_pos_cam": [
        -0.12726398013074783,
        0.07304546183296172,
        0.4372753584267414
      ],
      "R_cam": [
        [
          0.5851417697755822,
          0.25397668990594,
          0.7701330730778426
        ],
        [
          0.16076065362883477,
          0.8945114587124343,
          -0.41713938015606106
        ],
        [
          -0.7948365376030027,
          0.36789277135678405,
          0.4825865593597646
        ]
      ]
    },
    {
      "timestamp": 1771369997.151397,
      "local_timestamp": 1771369997.151397,
      "center_pos_cam": [
        -0.09763025855372776,
        -0.09700497337560623,
        0.432902190596287
      ],
      "imu_pos_cam": [
        -0.09763025855372776,
        -0.09700497337560623,
        0.432902190596287
      ],
      "tip_pos_cam": [
        -0.1205378883037397,
        0.06055401732348703,
        0.4501936896763084
      ],
      "R_cam": [
        [
          0.6563183253171866,
          0.25681731649844325,
          0.7094301387729324
        ],
        [
          0.17594157501084007,
          0.8622651838764824,
          -0.47491400785527565
        ],
        [
          -0.7336830501214734,
          0.43651302228111627,
          0.5207355983063354
        ]
      ]
    },
    {
      "timestamp": 1771369997.1847303,
      "local_timestamp": 1771369997.1847303,
      "center_pos_cam": [
        -0.09690274634087546,
        -0.09845356749878104,
        0.4313389565219352
      ],
      "imu_pos_cam": [
        -0.09690274634087546,
        -0.09845356749878104,
        0.4313389565219352
      ],
      "tip_pos_cam": [
        -0.11938979506670704,
        0.05907217095926026,
        0.4494653283090806
      ],
      "R_cam": [
        [
          0.6686702422149345,
          0.25362990661190166,
          0.6989649330604926
        ],
        [
          0.17851219162441814,
          0.8577754771273579,
          -0.48203177102799
        ],
        [
          -0.7218126520210544,
          0.4470940631578232,
          0.5282929055659944
        ]
      ]
    },
    {
      "timestamp": 1771369997.2180636,
      "local_timestamp": 1771369997.2180636,
      "center_pos_cam": [
        -0.09615145916252325,
        -0.09969981818017096,
        0.42958201991500905
      ],
      "imu_pos_cam": [
        -0.09615145916252325,
        -0.09969981818017096,
        0.42958201991500905
      ],
      "tip_pos_cam": [
        -0.11774566592310197,
        0.05804322676862944,
        0.44688557434689075
      ],
      "R_cam": [
        [
          0.6713309222132775,
          0.25770379935084287,
          0.6949126165788119
        ],
        [
          0.1710089833974393,
          0.8584464975329578,
          -0.48355510386177497
        ],
        [
          -0.721159289254215,
          0.4434617939276598,
          0.5322320141149133
        ]
      ]
    },
    {
      "timestamp": 1771369997.251397,
      "local_timestamp": 1771369997.251397,
      "center_pos_cam": [
        -0.09617528874723111,
        -0.10161620513328959,
        0.43010242895178086
      ],
      "imu_pos_cam": [
        -0.09617528874723111,
        -0.10161620513328959,
        0.43010242895178086
      ],
      "tip_pos_cam": [
        -0.11712090802117223,
        0.05616146672595462,
        0.4478810196502233
      ],
      "R_cam": [
        [
          0.6739209431535078,
          0.2603336136676494,
          0.6914166413775631
        ],
        [
          0.170468663846819,
          0.8558140217996651,
          -0.48838795515180633
        ],
        [
          -0.7188678578329726,
          0.4469997423778068,
          0.5323722694588888
        ]
      ]
    },
    {
      "timestamp": 1771369997.2847304,
      "local_timestamp": 1771369997.2847304,
      "center_pos_cam": [
        -0.09817213273024111,
        -0.10546898078343313,
        0.43718480553003597
      ],
      "imu_pos_cam": [
        -0.09817213273024111,
        -0.10546898078343313,
        0.43718480553003597
      ],
      "tip_pos_cam": [
        -0.11858715323411727,
        0.052056877189888814,
        0.45761571346165014
      ],
      "R_cam": [
        [
          0.6826257009962804,
          0.25929868310116216,
          0.6832176412252103
        ],
        [
          0.18031595245154036,
          0.8462557548409955,
          -0.5013355709402545
        ],
        [
          -0.708172514032302,
          0.4654195852566802,
          0.5309202388576547
        ]
      ]
    },
    {
      "timestamp": 1771369997.3180637,
      "local_timestamp": 1771369997.3180637,
      "center_pos_cam": [
        -0.09843504545280433,
        -0.10692657470485449,
        0.43585969511764205
      ],
      "imu_pos_cam": [
        -0.09843504545280433,
        -0.10692657470485449,
        0.43585969511764205
      ],
      "tip_pos_cam": [
        -0.11825502174970894,
        0.05060514606335721,
        0.4568243435218321
      ],
      "R_cam": [
        [
          0.6813072370221067,
          0.2634606885689093,
          0.6829413696358565
        ],
        [
          0.18013906912111444,
          0.8439446241509638,
          -0.5052795138760994
        ],
        [
          -0.7094859861600381,
          0.46727501211330047,
          0.5275260168911421
        ]
      ]
    },
    {
      "timestamp": 1771369997.351397,
      "local_timestamp": 1771369997.351397,
      "center_pos_cam": [
        -0.10066044904968673,
        -0.11008452198809535,
        0.44096198132374864
      ],
      "imu_pos_cam": [
        -0.10066044904968673,
        -0.11008452198809535,
        0.44096198132374864
      ],
      "tip_pos_cam": [
        -0.11965738086539182,
        0.04703065511423321,
        0.4655084412927211
      ],
      "R_cam": [
        [
          0.6910826350305111,
          0.26352572766962334,
          0.6730222748286129
        ],
        [
          0.19240573731211935,
          0.8304884207585927,
          -0.5227513895106148
        ],
        [
          -0.6966956464688617,
          0.49075775474473593,
          0.5232322642471894
        ]
      ]
    },
    {
      "timestamp": 1771369997.3847303,
      "local_timestamp": 1771369997.3847303,
      "center_pos_cam": [
        -0.10415925142580806,
        -0.11336298002206395,
        0.44921262517289784
      ],
      "imu_pos_cam": [
        -0.10415925142580806,
        -0.11336298002206395,
        0.44921262517289784
      ],
      "tip_pos_cam": [
        -0.12194539481651254,
        0.043796676132253395,
        0.47437383683007
      ],
      "R_cam": [
        [
          0.7128032620591622,
          0.25953226814447783,
          0.6515784767697598
        ],
        [
          0.18881242338452614,
          0.8237113108624525,
          -0.5346489924547906
        ],
        [
          -0.6754712269027304,
          0.5041256571025157,
          0.5381411928829432
        ]
      ]
    },
    {
      "timestamp": 1771369997.4180636,
      "local_timestamp": 1771369997.4180636,
      "center_pos_cam": [
        -0.10412966330312562,
        -0.1125673275914516,
        0.44447739026715727
      ],
      "imu_pos_cam": [
        -0.10412966330312562,
        -0.1125673275914516,
        0.44447739026715727
      ],
      "tip_pos_cam": [
        -0.1197741221385987,
        0.045112617524255494,
        0.46773414858313406
      ],
      "R_cam": [
        [
          0.7137133149577797,
          0.2715676469368818,
          0.6456503056524812
        ],
        [
          0.1709963290187626,
          0.8263369191053829,
          -0.5365888105295628
        ],
        [
          -0.6792448450404938,
          0.49337441082872247,
          0.5433305911002312
        ]
      ]
    },
    {
      "timestamp": 1771369997.451397,
      "local_timestamp": 1771369997.451397,
      "center_pos_cam": [
        -0.1047922105478708,
        -0.11210221188296711,
        0.4422807310910044
      ],
      "imu_pos_cam": [
        -0.1047922105478708,
        -0.11210221188296711,
        0.4422807310910044
      ],
      "tip_pos_cam": [
        -0.11886029769328013,
        0.045936504429518646,
        0.4640624679750502
      ],
      "R_cam": [
        [
          0.7143878609392095,
          0.2803384464768931,
          0.6411398751985583
        ],
        [
          0.15755912238979988,
          0.8282701252957808,
          -0.5377208592701866
        ],
        [
          -0.6817808350888553,
          0.48515869050181293,
          0.5475362434908847
        ]
      ]
    },
    {
      "timestamp": 1771369997.4847302,
      "local_timestamp": 1771369997.4847302,
      "center_pos_cam": [
        -0.10628005172244831,
        -0.11228821301313184,
        0.4431375014842072
      ],
      "imu_pos_cam": [
        -0.10628005172244831,
        -0.11228821301313184,
        0.4431375014842072
      ],
      "tip_pos_cam": [
        -0.11922358692095288,
        0.04587290600854306,
        0.46472722861753724
      ],
      "R_cam": [
        [
          0.7174968720344244,
          0.28515998709522655,
          0.6355171283141526
        ],
        [
          0.15152519342788873,
          0.8266184963069594,
          -0.5419796834936368
        ],
        [
          -0.6798811325352822,
          0.48516558340743005,
          0.5498872632635442
        ]
      ]
    },
    {
      "timestamp": 1771369997.5180638,
      "local_timestamp": 1771369997.5180638,
      "center_pos_cam": [
        -0.10730334354590593,
        -0.11195909959044405,
        0.44253752487013454
      ],
      "imu_pos_cam": [
        -0.10730334354590593,
        -0.11195909959044405,
        0.44253752487013454
      ],
      "tip_pos_cam": [
        -0.11903764367635371,
        0.04636449366170524,
        0.4636215712439106
      ],
      "R_cam": [
        [
          0.7170478876484156,
          0.2923124802195281,
          0.6327683152045884
        ],
        [
          0.14396623640402384,
          0.8261295131783377,
          -0.5447786249765897
        ],
        [
          -0.6819941712321347,
          0.4817296351311916,
          0.5502912947174098
        ]
      ]
    },
    {
      "timestamp": 1771369997.551397,
      "local_timestamp": 1771369997.551397,
      "center_pos_cam": [
        -0.10875851268775287,
        -0.11212428031660315,
        0.44373540364268654
      ],
      "imu_pos_cam": [
        -0.10875851268775287,
        -0.11212428031660315,
        0.44373540364268654
      ],
      "tip_pos_cam": [
        -0.11980774590898055,
        0.04620524592371081,
        0.46514256499246925
      ],
      "R_cam": [
        [
          0.7177413160478983,
          0.2958428087013521,
          0.630336763783873
        ],
        [
          0.1422485732646847,
          0.8238643315229379,
          -0.5486464313639745
        ],
        [
          -0.6816250777678243,
          0.48345071701669645,
          0.549238252103811
        ]
      ]
    },
    {
      "timestamp": 1771369997.5847304,
      "local_timestamp": 1771369997.5847304,
      "center_pos_cam": [
        -0.1102759279026765,
        -0.11244235952448806,
        0.44521377342535395
      ],
      "imu_pos_cam": [
        -0.1102759279026765,
        -0.11244235952448806,
        0.44521377342535395
      ],
      "tip_pos_cam": [
        -0.12126253411490132,
        0.0457549284788841,
        0.467608048221172
      ],
      "R_cam": [
        [
          0.7226340822053976,
          0.29358277419147993,
          0.6257868150841766
        ],
        [
          0.14583359226934467,
          0.8201916530537242,
          -0.5531891318769903
        ],
        [
          -0.6756719223121392,
          0.49101405983844704,
          0.5498842118482624
        ]
      ]
    },
    {
      "timestamp": 1771369997.6180637,
      "local_timestamp": 1771369997.6180637,
      "center_pos_cam": [
        -0.11187518707904122,
        -0.11292731772427378,
        0.44761039692477045
      ],
      "imu_pos_cam": [
        -0.11187518707904122,
        -0.11292731772427378,
        0.44761039692477045
      ],
      "tip_pos_cam": [
        -0.12337153698911126,
        0.04514536282705936,
        0.47062023380764284
      ],
      "R_cam": [
        [
          0.726088339243196,
          0.2888130118276185,
          0.6240054229044146
        ],
        [
          0.150471756824134,
          0.8187736453431048,
          -0.5540469006228825
        ],
        [
          -0.6709351488879652,
          0.4961821861883229,
          0.5510437950799015
        ]
      ]
    },
    {
      "timestamp": 1771369997.651397,
      "local_timestamp": 1771369997.651397,
      "center_pos_cam": [
        -0.1124091131263929,
        -0.1126321688151586,
        0.44708058948492224
      ],
      "imu_pos_cam": [
        -0.1124091131263929,
        -0.1126321688151586,
        0.44708058948492224
      ],
      "tip_pos_cam": [
        -0.12320507617776093,
        0.04555162389627139,
        0.4696621283283189
      ],
      "R_cam": [
        [
          0.7267616374694922,
          0.29242987679347227,
          0.6215322111212077
        ],
        [
          0.14543498301443952,
          0.8188253638139111,
          -0.5553140456449901
        ],
        [
          -0.6713167568430364,
          0.49397347169010114,
          0.5525613280425773
        ]
      ]
    },
    {
      "timestamp": 1771369997.6847303,
      "local_timestamp": 1771369997.6847303,
      "center_pos_cam": [
        -0.11397442515002174,
        -0.11346807150676225,
        0.45059481572953514
      ],
      "imu_pos_cam": [
        -0.11397442515002174,
        -0.11346807150676225,
        0.45059481572953514
      ],
      "tip_pos_cam": [
        -0.12485218931442908,
        0.04456657882539394,
        0.47415992834313503
      ],
      "R_cam": [
        [
          0.7299311163604075,
          0.29023026800838997,
          0.6188432409751501
        ],
        [
          0.14969033188020686,
          0.8155222656364953,
          -0.5590315186040152
        ],
        [
          -0.6669283094234666,
          0.5006893505786757,
          0.5518304126329585
        ]
      ]
    },
    {
      "timestamp": 1771369997.7180636,
      "local_timestamp": 1771369997.7180636,
      "center_pos_cam": [
        -0.11549605997568982,
        -0.11461264078931692,
        0.45465933409585557
      ],
      "imu_pos_cam": [
        -0.11549605997568982,
        -0.11461264078931692,
        0.45465933409585557
      ],
      "tip_pos_cam": [
        -0.12733641334532325,
        0.042873717455022456,
        0.48123834819218325
      ],
      "R_cam": [
        [
          0.7334054921429778,
          0.28282518353900993,
          0.6181636511884548
        ],
        [
          0.16637912880994338,
          0.8070055604004288,
          -0.56662157652108
        ],
        [
          -0.6591163551232518,
          0.5184129059339815,
          0.5448061025448634
        ]
      ]
    },
    {
      "timestamp": 1771369997.751397,
      "local_timestamp": 1771369997.751397,
      "center_pos_cam": [
        -0.11448519387241889,
        -0.11348604071390868,
        0.45029245652919486
      ],
      "imu_pos_cam": [
        -0.11448519387241889,
        -0.11348604071390868,
        0.45029245652919486
      ],
      "tip_pos_cam": [
        -0.12712300029263573,
        0.043668089473364466,
        0.47842528797719713
      ],
      "R_cam": [
        [
          0.7267655629093919,
          0.28192077880232114,
          0.6263645033432911
        ],
        [
          0.17724223170667724,
          0.8040396175142844,
          -0.5675433769916797
        ],
        [
          -0.6636241465382581,
          0.5234892242892647,
          0.5343800372248131
        ]
      ]
    },
    {
      "timestamp": 1771369997.7847304,
      "local_timestamp": 1771369997.7847304,
      "center_pos_cam": [
        -0.11451444796282832,
        -0.11314989377227468,
        0.4494987621824208
      ],
      "imu_pos_cam": [
        -0.11451444796282832,
        -0.11314989377227468,
        0.4494987621824208
      ],
      "tip_pos_cam": [
        -0.12745191928212685,
        0.04395812026889455,
        0.47775269555844974
      ],
      "R_cam": [
        [
          0.7304808523604095,
          0.2781620492895399,
          0.6237175632206082
        ],
        [
          0.17869173595445254,
          0.8036255752723289,
          -0.5676752577572876
        ],
        [
          -0.6591410985793513,
          0.5261290802676301,
          0.5373278357393593
        ]
      ]
    },
    {
      "timestamp": 1771369997.8180637,
      "local_timestamp": 1771369997.8180637,
      "center_pos_cam": [
        -0.11374339218823071,
        -0.1123731678997265,
        0.4469654035918126
      ],
      "imu_pos_cam": [
        -0.11374339218823071,
        -0.1123731678997265,
        0.4469654035918126
      ],
      "tip_pos_cam": [
        -0.1264306003643741,
        0.04484556445979658,
        0.47471240226328754
      ],
      "R_cam": [
        [
          0.7222502096393243,
          0.28408615828854195,
          0.6305947108443029
        ],
        [
          0.17631485292670213,
          0.805998467726785,
          -0.5650482657786949
        ],
        [
          -0.6687807617697954,
          0.5192894421138684,
          0.5320439530674884
        ]
      ]
    },
    {
      "timestamp": 1771369997.851397,
      "local_timestamp": 1771369997.851397,
      "center_pos_cam": [
        -0.11499624489582672,
        -0.11366564388745179,
        0.451547789832948
      ],
      "imu_pos_cam": [
        -0.11499624489582672,
        -0.11366564388745179,
        0.451547789832948
      ],
      "tip_pos_cam": [
        -0.12803057466404982,
        0.0430531785629987,
        0.4818447852046406
      ],
      "R_cam": [
        [
          0.7270297120969395,
          0.2795013246040357,
          0.6271417760545304
        ],
        [
          0.18812292028836713,
          0.7973516826793503,
          -0.573445778596883
        ],
        [
          -0.6603314051220175,
          0.5348918616627085,
          0.5271177588894003
        ]
      ]
    },
    {
      "timestamp": 1771369997.8847303,
      "local_timestamp": 1771369997.8847303,
      "center_pos_cam": [
        -0.11498230948909975,
        -0.11351846004761541,
        0.4513419971445989
      ],
      "imu_pos_cam": [
        -0.11498230948909975,
        -0.11351846004761541,
        0.4513419971445989
      ],
      "tip_pos_cam": [
        -0.12783780244407417,
        0.04316442033997313,
        0.48190017584765976
      ],
      "R_cam": [
        [
          0.7332288094304769,
          0.2771097346443731,
          0.6209554798747576
        ],
        [
          0.1876294524585568,
          0.7952896668931461,
          -0.5764629513707633
        ],
        [
          -0.6535829722317341,
          0.5391887802044049,
          0.5311353478261622
        ]
      ]
    },
    {
      "timestamp": 1771369997.9180636,
      "local_timestamp": 1771369997.9180636,
      "center_pos_cam": [
        -0.1149625102766787,
        -0.11345397713682542,
        0.45160336215354824
      ],
      "imu_pos_cam": [
        -0.1149625102766787,
        -0.11345397713682542,
        0.45160336215354824
      ],
      "tip_pos_cam": [
        -0.12717562702445964,
        0.04326860674829869,
        0.48222137108604224
      ],
      "R_cam": [
        [
          0.7356596279066803,
          0.27943548921858047,
          0.6170257038676569
        ],
        [
          0.18464724087505996,
          0.7937068580186956,
          -0.5795988440044699
        ],
        [
          -0.6516980192584848,
          0.5403195636836251,
          0.5323010997502304
        ]
      ]
    },
    {
      "timestamp": 1771369997.951397,
      "local_timestamp": 1771369997.951397,
      "center_pos_cam": [
        -0.11473468839162074,
        -0.11314006052789698,
        0.4507900898149545
      ],
      "imu_pos_cam": [
        -0.11473468839162074,
        -0.11314006052789698,
        0.4507900898149545
      ],
      "tip_pos_cam": [
        -0.1267129696566618,
        0.04350675475397088,
        0.48188489695857445
      ],
      "R_cam": [
        [
          0.7418194419712697,
          0.2772973382217,
          0.6105817731709607
        ],
        [
          0.18469222822558218,
          0.790805967413884,
          -0.583536376531627
        ],
        [
          -0.644664793785502,
          0.5456483374095,
          0.5354205781773287
        ]
      ]
    },
    {
      "timestamp": 1771369997.9847302,
      "local_timestamp": 1771369997.9847302,
      "center_pos_cam": [
        -0.1139736626434901,
        -0.11238313787625395,
        0.44836146161283086
      ],
      "imu_pos_cam": [
        -0.1139736626434901,
        -0.11238313787625395,
        0.44836146161283086
      ],
      "tip_pos_cam": [
        -0.12521320080886927,
        0.0443072920014376,
        0.4795122715202504
      ],
      "R_cam": [
        [
          0.74090342571664,
          0.28203679970008017,
          0.6095222369826094
        ],
        [
          0.18168674417490088,
          0.7895427469761575,
          -0.586184422932295
        ],
        [
          -0.6465694400081645,
          0.5450481577918418,
          0.5337325781093452
        ]
      ]
    },
    {
      "timestamp": 1771369998.0180638,
      "local_timestamp": 1771369998.0180638,
      "center_pos_cam": [
        -0.11361554520305664,
        -0.11216276938992309,
        0.44694073270188667
      ],
      "imu_pos_cam": [
        -0.11361554520305664,
        -0.11216276938992309,
        0.44694073270188667
      ],
      "tip_pos_cam": [
        -0.12508874102783632,
        0.04384141020459731,
        0.48128680551846736
      ],
      "R_cam": [
        [
          0.745043659163253,
          0.27833569989327067,
          0.606167620469416
        ],
        [
          0.1952145788512546,
          0.7779945257338884,
          -0.5971731626019623
        ],
        [
          -0.637809700572638,
          0.5632528349622623,
          0.5253047018278216
        ]
      ]
    },
    {
      "timestamp": 1771369998.051397,
      "local_timestamp": 1771369998.051397,
      "center_pos_cam": [
        -0.11299743327598753,
        -0.11141059312617384,
        0.444727601003518
      ],
      "imu_pos_cam": [
        -0.11299743327598753,
        -0.11141059312617384,
        0.444727601003518
      ],
      "tip_pos_cam": [
        -0.12325922202042047,
        0.0447771164275428,
        0.4786198725037208
      ],
      "R_cam": [
        [
          0.744957217676662,
          0.2852771468687994,
          0.6030387162577903
        ],
        [
          0.1878487190107172,
          0.7776732422896407,
          -0.5999476535438324
        ],
        [
          -0.640118428571994,
          0.5602153850985487,
          0.5257443482353432
        ]
      ]
    },
    {
      "timestamp": 1771369998.0847304,
      "local_timestamp": 1771369998.0847304,
      "center_pos_cam": [
        -0.11331739895291121,
        -0.11151501418851774,
        0.4455238244206655
      ],
      "imu_pos_cam": [
        -0.11331739895291121,
        -0.11151501418851774,
        0.4455238244206655
      ],
      "tip_pos_cam": [
        -0.12250273603424845,
        0.044569280216354576,
        0.4801924502104243
      ],
      "R_cam": [
        [
          0.7501424902094592,
          0.28836163132456516,
          0.5950914332791113
        ],
        [
          0.1851493694315297,
          0.7723323641827825,
          -0.6076367584626039
        ],
        [
          -0.6348275004924238,
          0.565994954761674,
          0.5259693487294409
        ]
      ]
    },
    {
      "timestamp": 1771369998.1180637,
      "local_timestamp": 1771369998.1180637,
      "center_pos_cam": [
        -0.1142353395162049,
        -0.11197751145272211,
        0.44810463833967074
      ],
      "imu_pos_cam": [
        -0.1142353395162049,
        -0.11197751145272211,
        0.44810463833967074
      ],
      "tip_pos_cam": [
        -0.12252214891870405,
        0.044092155875817524,
        0.483064311124189
      ],
      "R_cam": [
        [
          0.7599551682078298,
          0.2876078632929784,
          0.5828806561263261
        ],
        [
          0.18023640584928521,
          0.7683580653304377,
          -0.6141178400341407
        ],
        [
          -0.6244861730420784,
          0.5717583409218567,
          0.5320802752081166
        ]
      ]
    },
    {
      "timestamp": 1771369998.151397,
      "local_timestamp": 1771369998.151397,
      "center_pos_cam": [
        -0.1147124230335452,
        -0.11201773094459591,
        0.44916978540708996
      ],
      "imu_pos_cam": [
        -0.1147124230335452,
        -0.11201773094459591,
        0.44916978540708996
      ],
      "tip_pos_cam": [
        -0.12195118487643593,
        0.04406390176084693,
        0.48430830060480606
      ],
      "R_cam": [
        [
          0.7684538032582281,
          0.28830460517035295,
          0.5712785720605418
        ],
        [
          0.1742563037621378,
          0.7647343662520901,
          -0.6203354654315453
        ],
        [
          -0.6157219281925261,
          0.5762480400926161,
          0.5374241373741011
        ]
      ]
    },
    {
      "timestamp": 1771369998.1847303,
      "local_timestamp": 1771369998.1847303,
      "center_pos_cam": [
        -0.11503816932999893,
        -0.11189250137142107,
        0.4499207091661666
      ],
      "imu_pos_cam": [
        -0.11503816932999893,
        -0.11189250137142107,
        0.4499207091661666
      ],
      "tip_pos_cam": [
        -0.12143705624179761,
        0.04413869355624758,
        0.4854441021213569
      ],
      "R_cam": [
        [
          0.775717187859604,
          0.28845571103680606,
          0.561298625714903
        ],
        [
          0.17016777900746127,
          0.7608729287148674,
          -0.6261911156640027
        ],
        [
          -0.6077053327451191,
          0.5812621518033935,
          0.5411363408920465
        ]
      ]
    },
    {
      "timestamp": 1771369998.2180636,
      "local_timestamp": 1771369998.2180636,
      "center_pos_cam": [
        -0.114315192896179,
        -0.11084239987651778,
        0.4473183214392285
      ],
      "imu_pos_cam": [
        -0.114315192896179,
        -0.11084239987651778,
        0.4473183214392285
      ],
      "tip_pos_cam": [
        -0.1194123735917379,
        0.04522832826410633,
        0.4828786583038758
      ],
      "R_cam": [
        [
          0.7774998408636021,
          0.2945448413278628,
          0.5556413716636095
        ],
        [
          0.16374012064958082,
          0.7582506576553183,
          -0.63106664707853
        ],
        [
          -0.6071928609154871,
          0.5816350029119821,
          0.5413109578059957
        ]
      ]
    },
    {
      "timestamp": 1771369998.251397,
      "local_timestamp": 1771369998.251397,
      "center_pos_cam": [
        -0.11351844972948648,
        -0.10970521175040618,
        0.4444452205000906
      ],
      "imu_pos_cam": [
        -0.11351844972948648,
        -0.10970521175040618,
        0.4444452205000906
      ],
      "tip_pos_cam": [
        -0.11732035067592442,
        0.046314351826622774,
        0.48039007161595804
      ],
      "R_cam": [
        [
          0.7791478933514391,
          0.3006254267200607,
          0.5500481007106526
        ],
        [
          0.15869725228302378,
          0.7543039845020021,
          -0.6370562621010973
        ],
        [
          -0.606418784672633,
          0.5836521667686887,
          0.5400059312844463
        ]
      ]
    },
    {
      "timestamp": 1771369998.2847304,
      "local_timestamp": 1771369998.2847304,
      "center_pos_cam": [
        -0.11425430887671988,
        -0.10968807836068341,
        0.4464606433056797
      ],
      "imu_pos_cam": [
        -0.11425430887671988,
        -0.10968807836068341,
        0.4464606433056797
      ],
      "tip_pos_cam": [
        -0.11773709359202106,
        0.0462717244503769,
        0.48269600047346584
      ],
      "R_cam": [
        [
          0.7908476506596364,
          0.29477032136349424,
          0.536349187646813
        ],
        [
          0.15520602061884536,
          0.7511227883480824,
          -0.6416585135318197
        ],
        [
          -0.5920059835928996,
          0.5906987510292062,
          0.5482735639466301
        ]
      ]
    },
    {
      "timestamp": 1771369998.3180637,
      "local_timestamp": 1771369998.3180637,
      "center_pos_cam": [
        -0.11484603518096449,
        -0.10960878146588818,
        0.44804727706656217
      ],
      "imu_pos_cam": [
        -0.11484603518096449,
        -0.10960878146588818,
        0.44804727706656217
      ],
      "tip_pos_cam": [
        -0.1164744398708272,
        0.04646389337953455,
        0.4839256752481416
      ],
      "R_cam": [
        [
          0.8002105386522517,
          0.29856668984446794,
          0.5201163576981507
        ],
        [
          0.142278184095874,
          0.7479944517185804,
          -0.6482755729846691
        ],
        [
          -0.5825976417393517,
          0.592758156345012,
          0.556073516656034
        ]
      ]
    },
    {
      "timestamp": 1771369998.351397,
      "local_timestamp": 1771369998.351397,
      "center_pos_cam": [
        -0.11531748718488398,
        -0.10936965812471211,
        0.44882738191283966
      ],
      "imu_pos_cam": [
        -0.11531748718488398,
        -0.10936965812471211,
        0.44882738191283966
      ],
      "tip_pos_cam": [
        -0.11566606562381221,
        0.04644844880421645,
        0.4858299093599193
      ],
      "R_cam": [
        [
          0.8083791087357056,
          0.2998045420524822,
          0.5065969335915567
        ],
        [
          0.13772001172355178,
          0.7403864139381984,
          -0.6579218467467088
        ],
        [
          -0.5723254449441605,
          0.6016188117241984,
          0.557223824373144
        ]
      ]
    },
    {
      "timestamp": 1771369998.3847303,
      "local_timestamp": 1771369998.3847303,
      "center_pos_cam": [
        -0.11518026878748981,
        -0.10856348945993752,
        0.44741370569429356
      ],
      "imu_pos_cam": [
        -0.11518026878748981,
        -0.10856348945993752,
        0.44741370569429356
      ],
      "tip_pos_cam": [
        -0.11409429596164403,
        0.047090223974159545,
        0.4850877438175489
      ],
      "R_cam": [
        [
          0.8119282227555337,
          0.3049645216828188,
          0.49776420281877465
        ],
        [
          0.13196865651466166,
          0.7347256056299083,
          -0.665404056291724
        ],
        [
          -0.5686447351297258,
          0.6059496059463478,
          0.5562986969809565
        ]
      ]
    },
    {
      "timestamp": 1771369998.4180636,
      "local_timestamp": 1771369998.4180636,
      "center_pos_cam": [
        -0.11497159018567041,
        -0.10762929669950853,
        0.4454326228722273
      ],
      "imu_pos_cam": [
        -0.11497159018567041,
        -0.10762929669950853,
        0.4454326228722273
      ],
      "tip_pos_cam": [
        -0.11236475432170681,
        0.04780228973286267,
        0.48393999018303746
      ],
      "R_cam": [
        [
          0.8147213070765449,
          0.311021169489615,
          0.48938228811921525
        ],
        [
          0.12652949793843354,
          0.7282810038491746,
          -0.6734961511277452
        ],
        [
          -0.5658793846279738,
          0.6106329597735048,
          0.5539926989512722
        ]
      ]
    },
    {
      "timestamp": 1771369998.451397,
      "local_timestamp": 1771369998.451397,
      "center_pos_cam": [
        -0.11460642769480653,
        -0.10649357400072097,
        0.4428474116896259
      ],
      "imu_pos_cam": [
        -0.11460642769480653,
        -0.10649357400072097,
        0.4428474116896259
      ],
      "tip_pos_cam": [
        -0.11036285622494568,
        0.04907316534255786,
        0.48065710228073627
      ],
      "R_cam": [
        [
          0.8155493843425372,
          0.3190059057651836,
          0.482819255814682
        ],
        [
          0.11556712476397081,
          0.7277449638332538,
          -0.6760410544405753
        ],
        [
          -0.5670303707671198,
          0.6071428989144738,
          0.5566453619005837
        ]
      ]
    },
    {
      "timestamp": 1771369998.4847302,
      "local_timestamp": 1771369998.4847302,
      "center_pos_cam": [
        -0.11484485772737851,
        -0.10592092393605543,
        0.44221537126610616
      ],
      "imu_pos_cam": [
        -0.11484485772737851,
        -0.10592092393605543,
        0.44221537126610616
      ],
      "tip_pos_cam": [
        -0.10970846459099258,
        0.049362441178650296,
        0.48106488832251837
      ],
      "R_cam": [
        [
          0.8203939104814283,
          0.32011246411898026,
          0.47379514767530595
        ],
        [
          0.11309269501553516,
          0.7213969557323958,
          -0.6832250541323518
        ],
        [
          -0.5605032327998773,
          0.6140964440344093,
          0.5556272882474187
        ]
      ]
    },
    {
      "timestamp": 1771369998.5180638,
      "local_timestamp": 1771369998.5180638,
      "center_pos_cam": [
        -0.11487663050528407,
        -0.10536009459848235,
        0.44114696123687047
      ],
      "imu_pos_cam": [
        -0.11487663050528407,
        -0.10536009459848235,
        0.44114696123687047
      ],
      "tip_pos_cam": [
        -0.10806329539578256,
        0.04961165795154664,
        0.4809706397155494
      ],
      "R_cam": [
        [
          0.8230606595373411,
          0.32677686901248326,
          0.4645299006526442
        ],
        [
