{
  "metadata": {
    "start_time": 1771441970.1825068,
    "tip_offset_body": [
      0.0,
      0.13752252060999998,
      -0.08207403558
    ],
    "imu_to_tip_body": [
      0.0,
      0.0,
      0.0
    ],
    "filtered": true,
    "filter_type": "OneEuro",
    "video_source": "outputs/video.mp4",
    "end_time": 1771441972.708831,
    "cv_count": 179
  },
  "cv_readings": [
    {
      "timestamp": 1771441972.8648536,
      "local_timestamp": 1771441972.8648536,
      "center_pos_cam": [
        -0.15303193890213132,
        -0.0692791747228715,
        0.3054623663169301
      ],
      "imu_pos_cam": [
        -0.15303193890213132,
        -0.0692791747228715,
        0.3054623663169301
      ],
      "tip_pos_cam": [
        -0.07106541843504124,
        0.022657574227496716,
        0.4078230751180616
      ],
      "R_cam": [
        [
          -0.4176221138944958,
          0.054738619544347195,
          -0.9069704810613584
        ],
        [
          -0.48390590486480234,
          0.8314484666544617,
          0.27299912552043265
        ],
        [
          0.7690428110471286,
          0.5528988432148536,
          -0.3207429250169161
        ]
      ]
    },
    {
      "timestamp": 1771441972.898187,
      "local_timestamp": 1771441972.898187,
      "center_pos_cam": [
        -0.1530646371574978,
        -0.06935309970490602,
        0.3055093221769156
      ],
      "imu_pos_cam": [
        -0.1530646371574978,
        -0.06935309970490602,
        0.3055093221769156
      ],
      "tip_pos_cam": [
        -0.0707718382808542,
        0.022607499290934113,
        0.407586422824855
      ],
      "R_cam": [
        [
          -0.4195399704618332,
          0.057751286909115324,
          -0.9058978982452852
        ],
        [
          -0.47986263185658573,
          0.8330186239855577,
          0.2753394752680387
        ],
        [
          0.7705310297013059,
          0.5502224649662617,
          -0.32177192437174496
        ]
      ]
    },
    {
      "timestamp": 1771441972.9315202,
      "local_timestamp": 1771441972.9315202,
      "center_pos_cam": [
        -0.15402446151669613,
        -0.06987581665199676,
        0.307537723776798
      ],
      "imu_pos_cam": [
        -0.15402446151669613,
        -0.06987581665199676,
        0.307537723776798
      ],
      "tip_pos_cam": [
        -0.07118639596932341,
        0.022557719275637114,
        0.4087428981682241
      ],
      "R_cam": [
        [
          -0.4163130701458399,
          0.06095350132939081,
          -0.9071758916006493
        ],
        [
          -0.4754518762293666,
          0.8358685521246554,
          0.27435246847624173
        ],
        [
          0.7750025425866164,
          0.5455349981850112,
          -0.31900254660356525
        ]
      ]
    },
    {
      "timestamp": 1771441972.9648535,
      "local_timestamp": 1771441972.9648535,
      "center_pos_cam": [
        -0.15361210394417066,
        -0.06972743695421639,
        0.3064892588788764
      ],
      "imu_pos_cam": [
        -0.15361210394417066,
        -0.06972743695421639,
        0.3064892588788764
      ],
      "tip_pos_cam": [
        -0.070932677346216,
        0.022699713259092966,
        0.40782989886202803
      ],
      "R_cam": [
        [
          -0.41803657580043185,
          0.06024489678052211,
          -0.9064303468579117
        ],
        [
          -0.4750476556452442,
          0.8360003138437557,
          0.27465105155287406
        ],
        [
          0.7743223787021832,
          0.5454117964117079,
          -0.3208595115871533
        ]
      ]
    },
    {
      "timestamp": 1771441972.9981868,
      "local_timestamp": 1771441972.9981868,
      "center_pos_cam": [
        -0.15347274688368395,
        -0.06961472359401123,
        0.3060131330142094
      ],
      "imu_pos_cam": [
        -0.15347274688368395,
        -0.06961472359401123,
        0.3060131330142094
      ],
      "tip_pos_cam": [
        -0.07058568870612601,
        0.02253685958475138,
        0.4074350847585566
      ],
      "R_cam": [
        [
          -0.4207826170409493,
          0.06260930247566807,
          -0.9049983781420164
        ],
        [
          -0.4732882461955882,
          0.8359284585670351,
          0.2778881936514128
        ],
        [
          0.7739122852166608,
          0.5452556165701102,
          -0.32211191749060564
        ]
      ]
    },
    {
      "timestamp": 1771441973.0315201,
      "local_timestamp": 1771441973.0315201,
      "center_pos_cam": [
        -0.15360434888236926,
        -0.06964507401055721,
        0.3061216928296444
      ],
      "imu_pos_cam": [
        -0.15360434888236926,
        -0.06964507401055721,
        0.3061216928296444
      ],
      "tip_pos_cam": [
        -0.07045730699871583,
        0.022250530338166166,
        0.4075630962046759
      ],
      "R_cam": [
        [
          -0.4229566523310722,
          0.06521489908096909,
          -0.9038001367485797
        ],
        [
          -0.47150576136642286,
          0.8359058661886507,
          0.2809692151636395
        ],
        [
          0.7738152151819984,
          0.5449847702544179,
          -0.32280274618345
        ]
      ]
    },
    {
      "timestamp": 1771441973.0648537,
      "local_timestamp": 1771441973.0648537,
      "center_pos_cam": [
        -0.1533342118665079,
        -0.0695953613734393,
        0.30545923368896544
      ],
      "imu_pos_cam": [
        -0.1533342118665079,
        -0.0695953613734393,
        0.30545923368896544
      ],
      "tip_pos_cam": [
        -0.07038312510974148,
        0.022431378236325142,
        0.4069421750829899
      ],
      "R_cam": [
        [
          -0.42328435938800907,
          0.06382223371369031,
          -0.9037461333700292
        ],
        [
          -0.47155659129454097,
          0.8362306151097203,
          0.2799155936347466
        ],
        [
          0.7736050234481138,
          0.5446513387819903,
          -0.3238675452385273
        ]
      ]
    },
    {
      "timestamp": 1771441973.098187,
      "local_timestamp": 1771441973.098187,
      "center_pos_cam": [
        -0.1542898202398,
        -0.06999908141433318,
        0.3073195667112793
      ],
      "imu_pos_cam": [
        -0.1542898202398,
        -0.06999908141433318,
        0.3073195667112793
      ],
      "tip_pos_cam": [
        -0.07092051639772859,
        0.022355592658070744,
        0.4081598579900305
      ],
      "R_cam": [
        [
          -0.4242268352837356,
          0.06727674446007015,
          -0.9030533937038279
        ],
        [
          -0.4652980629218927,
          0.8393293036927171,
          0.2811121352838281
        ],
        [
          0.7768714854248937,
          0.5394443063167442,
          -0.32476227538950087
        ]
      ]
    },
    {
      "timestamp": 1771441973.1315203,
      "local_timestamp": 1771441973.1315203,
      "center_pos_cam": [
        -0.1551712187374334,
        -0.07040713362689939,
        0.3091348420035206
      ],
      "imu_pos_cam": [
        -0.1551712187374334,
        -0.07040713362689939,
        0.3091348420035206
      ],
      "tip_pos_cam": [
        -0.07126858779598194,
        0.02236632703229971,
        0.4091449640399105
      ],
      "R_cam": [
        [
          -0.4205341657940403,
          0.07026042172913352,
          -0.9045520927720829
        ],
        [
          -0.4616470423492304,
          0.8417126826892323,
          0.2800031572863132
        ],
        [
          0.7810461085557745,
          0.5353346924481359,
          -0.32153342496751597
        ]
      ]
    },
    {
      "timestamp": 1771441973.1648536,
      "local_timestamp": 1771441973.1648536,
      "center_pos_cam": [
        -0.15456713073697845,
        -0.07009865756942761,
        0.3075551064837109
      ],
      "imu_pos_cam": [
        -0.15456713073697845,
        -0.07009865756942761,
        0.3075551064837109
      ],
      "tip_pos_cam": [
        -0.07119028612225922,
        0.022660918887598525,
        0.4080168093804918
      ],
      "R_cam": [
        [
          -0.42375396897549605,
          0.06719548480438708,
          -0.9032814293449289
        ],
        [
          -0.4625446142789841,
          0.8413600330431588,
          0.2795814274931737
        ],
        [
          0.7787715028036275,
          0.5362816998737868,
          -0.32544874373925853
        ]
      ]
    },
    {
      "timestamp": 1771441973.1981869,
      "local_timestamp": 1771441973.1981869,
      "center_pos_cam": [
        -0.15451704752964968,
        -0.07000447343449684,
        0.3070869075883271
      ],
      "imu_pos_cam": [
        -0.15451704752964968,
        -0.07000447343449684,
        0.3070869075883271
      ],
      "tip_pos_cam": [
        -0.07098702865596203,
        0.02251579808768485,
        0.40764199843776217
      ],
      "R_cam": [
        [
          -0.42612763934751424,
          0.06906018995168728,
          -0.9020232398048024
        ],
        [
          -0.4611643239334291,
          0.8412216183250629,
          0.28226522136739696
        ],
        [
          0.7782947393597995,
          0.5362619500080154,
          -0.32661968657517054
        ]
      ]
    },
    {
      "timestamp": 1771441973.2315202,
      "local_timestamp": 1771441973.2315202,
      "center_pos_cam": [
        -0.1555726814587411,
        -0.07036161776003011,
        0.30859092437721447
      ],
      "imu_pos_cam": [
        -0.1555726814587411,
        -0.07036161776003011,
        0.30859092437721447
      ],
      "tip_pos_cam": [
        -0.07174739311179422,
        0.02236790276433305,
        0.4087065977165468
      ],
      "R_cam": [
        [
          -0.4279818055070362,
          0.07186217472688022,
          -0.9009258582139049
        ],
        [
          -0.4557464731882111,
          0.8436560965005195,
          0.2837948960323521
        ],
        [
          0.780465711182397,
          0.532052834482657,
          -0.3283185267199001
        ]
      ]
    },
    {
      "timestamp": 1771441973.2648535,
      "local_timestamp": 1771441973.2648535,
      "center_pos_cam": [
        -0.15674988654685124,
        -0.07078981505600426,
        0.3101934044714835
      ],
      "imu_pos_cam": [
        -0.15674988654685124,
        -0.07078981505600426,
        0.3101934044714835
      ],
      "tip_pos_cam": [
        -0.07270673065672763,
        0.022321816070279277,
        0.40977032493173016
      ],
      "R_cam": [
        [
          -0.4247370982199728,
          0.07256429767444281,
          -0.9024039118369848
        ],
        [
          -0.4541644938871494,
          0.8452007365384744,
          0.28172739917702444
        ],
        [
          0.7831558017967478,
          0.5294998939167372,
          -0.3260319807231454
        ]
      ]
    },
    {
      "timestamp": 1771441973.2981868,
      "local_timestamp": 1771441973.2981868,
      "center_pos_cam": [
        -0.1572318905475902,
        -0.07087072716876253,
        0.3100880773360023
      ],
      "imu_pos_cam": [
        -0.1572318905475902,
        -0.07087072716876253,
        0.3100880773360023
      ],
      "tip_pos_cam": [
        -0.07332071719674009,
        0.022425288250463374,
        0.40960370166250754
      ],
      "R_cam": [
        [
          -0.42279121175566675,
          0.07098460723581793,
          -0.9034427357601318
        ],
        [
          -0.45543772597270316,
          0.8452398107850292,
          0.2795463110557912
        ],
        [
          0.78346925212352,
          0.5296516287142568,
          -0.3250308957273867
        ]
      ]
    },
    {
      "timestamp": 1771441973.3315203,
      "local_timestamp": 1771441973.3315203,
      "center_pos_cam": [
        -0.15863986727249565,
        -0.07135268052415727,
        0.3117574227699824
      ],
      "imu_pos_cam": [
        -0.15863986727249565,
        -0.07135268052415727,
        0.3117574227699824
      ],
      "tip_pos_cam": [
        -0.07439620333050054,
        0.022404216819537193,
        0.4105564120230467
      ],
      "R_cam": [
        [
          -0.4178095757675158,
          0.07207222580433834,
          -0.9056714374786131
        ],
        [
          -0.4539219558992754,
          0.8469554480157362,
          0.276805576224614
        ],
        [
          0.7870133520783146,
          0.526756170674889,
          -0.32115093072632145
        ]
      ]
    },
    {
      "timestamp": 1771441973.3648536,
      "local_timestamp": 1771441973.3648536,
      "center_pos_cam": [
        -0.15803311622721475,
        -0.07099616507013101,
        0.3091089160892853
      ],
      "imu_pos_cam": [
        -0.15803311622721475,
        -0.07099616507013101,
        0.3091089160892853
      ],
      "tip_pos_cam": [
        -0.0744011932516323,
        0.02267181940775634,
        0.4085101290324455
      ],
      "R_cam": [
        [
          -0.4207661772051831,
          0.06826517195356058,
          -0.9045969767903757
        ],
        [
          -0.4563401189286426,
          0.8458864006351334,
          0.27609761512322206
        ],
        [
          0.7840341318949888,
          0.5289764300218767,
          -0.32476825045712493
        ]
      ]
    },
    {
      "timestamp": 1771441973.398187,
      "local_timestamp": 1771441973.398187,
      "center_pos_cam": [
        -0.15817973630126186,
        -0.07104190254485827,
        0.3081365364024585
      ],
      "imu_pos_cam": [
        -0.15817973630126186,
        -0.07104190254485827,
        0.3081365364024585
      ],
      "tip_pos_cam": [
        -0.07493248031397293,
        0.02290504481550748,
        0.4075973650917995
      ],
      "R_cam": [
        [
          -0.41999937416058425,
          0.06511697854018092,
          -0.9051852323201672
        ],
        [
          -0.457564586191051,
          0.8461726858381406,
          0.273178394470133
        ],
        [
          0.78373157086373,
          0.5289154609644768,
          -0.32559677514405044
        ]
      ]
    },
    {
      "timestamp": 1771441973.4315202,
      "local_timestamp": 1771441973.4315202,
      "center_pos_cam": [
        -0.15953543250894586,
        -0.07165249245322618,
        0.3097096753921568
      ],
      "imu_pos_cam": [
        -0.15953543250894586,
        -0.07165249245322618,
        0.3097096753921568
      ],
      "tip_pos_cam": [
        -0.07602622137082449,
        0.02289431361106206,
        0.4083793470721898
      ],
      "R_cam": [
        [
          -0.4142560885854308,
          0.06545927309287142,
          -0.9078033799430647
        ],
        [
          -0.4560896213382963,
          0.8482132827289612,
          0.2692888492114899
        ],
        [
          0.7876383372953535,
          0.5255942451818817,
          -0.32152222171149974
        ]
      ]
    },
    {
      "timestamp": 1771441973.4648535,
      "local_timestamp": 1771441973.4648535,
      "center_pos_cam": [
        -0.16085724067209134,
        -0.07234809104819541,
        0.3111806277279212
      ],
      "imu_pos_cam": [
        -0.16085724067209134,
        -0.07234809104819541,
        0.3111806277279212
      ],
      "tip_pos_cam": [
        -0.07723272864204146,
        0.02287479702147463,
        0.4090996430759225
      ],
      "R_cam": [
        [
          -0.4073782449429128,
          0.06439817203781836,
          -0.9109861914350951
        ],
        [
          -0.45594631118119844,
          0.8499586406048987,
          0.2639758901516014
        ],
        [
          0.7913001496698265,
          0.5228988283590432,
          -0.31689255029623226
        ]
      ]
    },
    {
      "timestamp": 1771441973.4981868,
      "local_timestamp": 1771441973.4981868,
      "center_pos_cam": [
        -0.15924744194940146,
        -0.07184982181191339,
        0.3065437463783932
      ],
      "imu_pos_cam": [
        -0.15924744194940146,
        -0.07184982181191339,
        0.3065437463783932
      ],
      "tip_pos_cam": [
        -0.07708831815499341,
        0.023269373068260032,
        0.4057949838215491
      ],
      "R_cam": [
        [
          -0.41289191309905715,
          0.054852254343758344,
          -0.9091267778977852
        ],
        [
          -0.46222735678801447,
          0.8474634861971062,
          0.2610584421148132
        ],
        [
          0.7847713926578661,
          0.5280121871283421,
          -0.32455660755834015
        ]
      ]
    },
    {
      "timestamp": 1771441973.5315201,
      "local_timestamp": 1771441973.5315201,
      "center_pos_cam": [
        -0.15952076980581226,
        -0.07221266003849677,
        0.30567892022391374
      ],
      "imu_pos_cam": [
        -0.15952076980581226,
        -0.07221266003849677,
        0.30567892022391374
      ],
      "tip_pos_cam": [
        -0.0779568520261596,
        0.02337620881394338,
        0.4049698385360133
      ],
      "R_cam": [
        [
          -0.41128594197207513,
          0.049920480472266826,
          -0.9101383518814934
        ],
        [
          -0.4640078281783495,
          0.847975117133424,
          0.25619316171937023
        ],
        [
          0.7845639612710709,
          0.5276799658429095,
          -0.3255967510935447
        ]
      ]
    },
    {
      "timestamp": 1771441973.5648537,
      "local_timestamp": 1771441973.5648537,
      "center_pos_cam": [
        -0.16002963040773735,
        -0.07257655362036523,
        0.30502063223087994
      ],
      "imu_pos_cam": [
        -0.16002963040773735,
        -0.07257655362036523,
        0.30502063223087994
      ],
      "tip_pos_cam": [
        -0.07922641558954752,
        0.023503116821565445,
        0.4044597009822034
      ],
      "R_cam": [
        [
          -0.4104326838229815,
          0.043976285098435014,
          -0.9108298954243902
        ],
        [
          -0.4660379477597093,
          0.8484246918153155,
          0.2509664789688161
        ],
        [
          0.7838071467508975,
          0.5274861407345485,
          -0.3277266056260755
        ]
      ]
    },
    {
      "timestamp": 1771441973.598187,
      "local_timestamp": 1771441973.598187,
      "center_pos_cam": [
        -0.16075828651733753,
        -0.0729441298178505,
        0.30459712203372374
      ],
      "imu_pos_cam": [
        -0.16075828651733753,
        -0.0729441298178505,
        0.30459712203372374
      ],
      "tip_pos_cam": [
        -0.08040485083903345,
        0.023639217134085067,
        0.4039126467897742
      ],
      "R_cam": [
        [
          -0.407790932065932,
          0.03988577774574212,
          -0.9122037494213757
        ],
        [
          -0.4673366591589877,
          0.8491510347136043,
          0.2460466769759988
        ],
        [
          0.7844125207637336,
          0.5266418564626558,
          -0.3276360057909583
        ]
      ]
    },
    {
      "timestamp": 1771441973.6315203,
      "local_timestamp": 1771441973.6315203,
      "center_pos_cam": [
        -0.16161488996304582,
        -0.07326269686271857,
        0.30425906386406065
      ],
      "imu_pos_cam": [
        -0.16161488996304582,
        -0.07326269686271857,
        0.30425906386406065
      ],
      "tip_pos_cam": [
        -0.0817416516811996,
        0.023801860935777477,
        0.4034927699173408
      ],
      "R_cam": [
        [
          -0.40624447104149525,
          0.03588323282201089,
          -0.9130595946324954
        ],
        [
          -0.46804006148593635,
          0.8500259030370259,
          0.24164946722542027
        ],
        [
          0.7847954705478725,
          0.5255172288025673,
          -0.3285235328545178
        ]
      ]
    },
    {
      "timestamp": 1771441973.6648536,
      "local_timestamp": 1771441973.6648536,
      "center_pos_cam": [
        -0.16265911267228897,
        -0.07357993453448668,
        0.3042531420770666
      ],
      "imu_pos_cam": [
        -0.16265911267228897,
        -0.07357993453448668,
        0.3042531420770666
      ],
      "tip_pos_cam": [
        -0.08292543514060724,
        0.023971058976601498,
        0.4031214146602791
      ],
      "R_cam": [
        [
          -0.4019448690791996,
          0.03368404969254596,
          -0.9150441011324074
        ],
        [
          -0.46870264766871045,
          0.850911695671172,
          0.23720690175109105
        ],
        [
          0.7866118167744788,
          0.5242276900034194,
          -0.32623178683940823
        ]
      ]
    },
    {
      "timestamp": 1771441973.6981869,
      "local_timestamp": 1771441973.6981869,
      "center_pos_cam": [
        -0.16314784554569753,
        -0.07354131600484483,
        0.30312292144232217
      ],
      "imu_pos_cam": [
        -0.16314784554569753,
        -0.07354131600484483,
        0.30312292144232217
      ],
      "tip_pos_cam": [
        -0.08369115835999166,
        0.02423331714468764,
        0.40199327577193
      ],
      "R_cam": [
        [
          -0.3995586215881182,
          0.03098979714504002,
          -0.9161836826682257
        ],
        [
          -0.470730228696841,
          0.8506625696293653,
          0.23406461591318103
        ],
        [
          0.786616780717029,
          0.5247978897675508,
          -0.32530172946036245
        ]
      ]
    },
    {
      "timestamp": 1771441973.7315202,
      "local_timestamp": 1771441973.7315202,
      "center_pos_cam": [
        -0.16408730503523072,
        -0.07366201482190092,
        0.3029643791002544
      ],
      "imu_pos_cam": [
        -0.16408730503523072,
        -0.07366201482190092,
        0.3029643791002544
      ],
      "tip_pos_cam": [
        -0.08456641678673767,
        0.024408844850819483,
        0.40148912627851024
      ],
      "R_cam": [
        [
          -0.39445472602455833,
          0.030121053070572695,
          -0.9184215760089754
        ],
        [
          -0.472146471822496,
          0.8508004880678552,
          0.2306864509438474
        ],
        [
          0.7883420439520269,
          0.5246248675629271,
          -0.3213807244875173
        ]
      ]
    },
    {
      "timestamp": 1771441973.7648535,
      "local_timestamp": 1771441973.7648535,
      "center_pos_cam": [
        -0.16476081760935077,
        -0.07385240078658839,
        0.30245269118216545
      ],
      "imu_pos_cam": [
        -0.16476081760935077,
        -0.07385240078658839,
        0.30245269118216545
      ],
      "tip_pos_cam": [
        -0.08604925640836807,
        0.024426256158883206,
        0.4014192851096784
      ],
      "R_cam": [
        [
          -0.38773239928608394,
          0.02239890656918664,
          -0.9214997968140641
        ],
        [
          -0.4811798897206313,
          0.8477653737835202,
          0.2230690134064553
        ],
        [
          0.7862121216772848,
          0.5298982543830402,
          -0.3179281990159242
        ]
      ]
    },
    {
      "timestamp": 1771441973.7981868,
      "local_timestamp": 1771441973.7981868,
      "center_pos_cam": [
        -0.165674615104591,
        -0.07401787281422731,
        0.30263768251856404
      ],
      "imu_pos_cam": [
        -0.165674615104591,
        -0.07401787281422731,
        0.30263768251856404
      ],
      "tip_pos_cam": [
        -0.08658389185287543,
        0.024615793279073317,
        0.40094662615967336
      ],
      "R_cam": [
        [
          -0.3841349285812392,
          0.02428603413418648,
          -0.9229574991243746
        ],
        [
          -0.4788010885294549,
          0.849487925494792,
          0.22162983116350668
        ],
        [
          0.7894237608958169,
          0.5270488146126396,
          -0.31468980401105484
        ]
      ]
    },
    {
      "timestamp": 1771441973.8315203,
      "local_timestamp": 1771441973.8315203,
      "center_pos_cam": [
        -0.1661860076196276,
        -0.07424853556045777,
        0.30222127212324507
      ],
      "imu_pos_cam": [
        -0.1661860076196276,
        -0.07424853556045777,
        0.30222127212324507
      ],
      "tip_pos_cam": [
        -0.08814473717061772,
        0.024603246178585864,
        0.40114789313617544
      ],
      "R_cam": [
        [
          -0.3777543584795464,
          0.014967515191722403,
          -0.925784866012991
        ],
        [
          -0.4887603786455305,
          0.8459890991592312,
          0.21310968154926763
        ],
        [
          0.7863936272096717,
          0.5329900726962353,
          -0.3122605410410959
        ]
      ]
    },
    {
      "timestamp": 1771441973.8648536,
      "local_timestamp": 1771441973.8648536,
      "center_pos_cam": [
        -0.16706694903164407,
        -0.07439626222117707,
        0.30260028446564635
      ],
      "imu_pos_cam": [
        -0.16706694903164407,
        -0.07439626222117707,
        0.30260028446564635
      ],
      "tip_pos_cam": [
        -0.08859467013676273,
        0.024761439226832965,
        0.40087766070202263
      ],
      "R_cam": [
        [
          -0.3760316655057619,
          0.017712105440951753,
          -0.9264375142759559
        ],
        [
          -0.4849654170644678,
          0.8481831083737696,
          0.21305858096048974
        ],
        [
          0.7895623666237203,
          0.5294069285438747,
          -0.31035394829338153
        ]
      ]
    },
    {
      "timestamp": 1771441973.898187,
      "local_timestamp": 1771441973.898187,
      "center_pos_cam": [
        -0.16770098961067426,
        -0.07440533231497673,
        0.3024913674716572
      ],
      "imu_pos_cam": [
        -0.16770098961067426,
        -0.07440533231497673,
        0.3024913674716572
      ],
      "tip_pos_cam": [
        -0.0888557052506285,
        0.024898154468308786,
        0.4003219845512829
      ],
      "R_cam": [
        [
          -0.37467504276329366,
          0.02012589558438968,
          -0.9269377328910774
        ],
        [
          -0.4824915501154239,
          0.8494892931402989,
          0.213470946283589
        ],
        [
          0.7917199734739168,
          0.5272218595306172,
          -0.3085718626763283
        ]
      ]
    },
    {
      "timestamp": 1771441973.9315202,
      "local_timestamp": 1771441973.9315202,
      "center_pos_cam": [
        -0.16830388988312994,
        -0.07430605069537377,
        0.3023109809705271
      ],
      "imu_pos_cam": [
        -0.16830388988312994,
        -0.07430605069537377,
        0.3023109809705271
      ],
      "tip_pos_cam": [
        -0.08920652339249467,
        0.025112940588935123,
        0.3998202716949069
      ],
      "R_cam": [
        [
          -0.37225635008715025,
          0.021394581044876487,
          -0.9278833341114106
        ],
        [
          -0.4818482400422689,
          0.8499948701958537,
          0.21291076583607008
        ],
        [
          0.793251210769931,
          0.526356336090531,
          -0.3061070467489941
        ]
      ]
    },
    {
      "timestamp": 1771441973.9648535,
      "local_timestamp": 1771441973.9648535,
      "center_pos_cam": [
        -0.16883102215276116,
        -0.07413628092336036,
        0.30197011045232763
      ],
      "imu_pos_cam": [
        -0.16883102215276116,
        -0.07413628092336036,
        0.30197011045232763
      ],
      "tip_pos_cam": [
        -0.08951254577829364,
        0.025273276243344495,
        0.3993092610592014
      ],
      "R_cam": [
        [
          -0.37091018855233354,
          0.022699242835258565,
          -0.9283912841053488
        ],
        [
          -0.4815668169880214,
          0.8500868943628761,
          0.21317990714067248
        ],
        [
          0.7940522859384624,
          0.5261530351591505,
          -0.3043746881537885
        ]
      ]
    },
    {
      "timestamp": 1771441973.9981868,
      "local_timestamp": 1771441973.9981868,
      "center_pos_cam": [
        -0.16927546554658318,
        -0.07401162409282602,
        0.30165270737343325
      ],
      "imu_pos_cam": [
        -0.16927546554658318,
        -0.07401162409282602,
        0.30165270737343325
      ],
      "tip_pos_cam": [
        -0.08963200881638986,
        0.025456988768949182,
        0.3986656232492849
      ],
      "R_cam": [
        [
          -0.3665784390387231,
          0.024056855435288182,
          -0.9300760806184073
        ],
        [
          -0.4824002770202018,
          0.8498807212762854,
          0.21211490361059696
        ],
        [
          0.795556547809623,
          0.5264257092026052,
          -0.2999429144483471
        ]
      ]
    },
    {
      "timestamp": 1771441974.0315201,
      "local_timestamp": 1771441974.0315201,
      "center_pos_cam": [
        -0.1696499221652143,
        -0.07388325957179583,
        0.30129036489764344
      ],
      "imu_pos_cam": [
        -0.1696499221652143,
        -0.07388325957179583,
        0.30129036489764344
      ],
      "tip_pos_cam": [
        -0.0897986539066363,
        0.025647973980372732,
        0.3980679423440503
      ],
      "R_cam": [
        [
          -0.36299781326819947,
          0.024741160547784802,
          -0.9314614659433071
        ],
        [
          -0.48335514449707845,
          0.849631843218736,
          0.2109349076775632
        ],
        [
          0.7966180966126204,
          0.5267956016933726,
          -0.29645573393983105
        ]
      ]
    },
    {
      "timestamp": 1771441974.0648537,
      "local_timestamp": 1771441974.0648537,
      "center_pos_cam": [
        -0.17006201752356953,
        -0.0737550043139595,
        0.3010310644766979
      ],
      "imu_pos_cam": [
        -0.17006201752356953,
        -0.0737550043139595,
        0.3010310644766979
      ],
      "tip_pos_cam": [
        -0.09007196892898134,
        0.025724029588087075,
        0.3977476862697789
      ],
      "R_cam": [
        [
          -0.3617209820037369,
          0.025465589304735387,
          -0.9319385360310063
        ],
        [
          -0.4838899141608102,
          0.8493053126307876,
          0.21102378280791975
        ],
        [
          0.7968741946830104,
          0.5272873881466187,
          -0.2948890098830762
        ]
      ]
    },
    {
      "timestamp": 1771441974.098187,
      "local_timestamp": 1771441974.098187,
      "center_pos_cam": [
        -0.17046459447386145,
        -0.07363542260450928,
        0.3009325973038765
      ],
      "imu_pos_cam": [
        -0.17046459447386145,
        -0.07363542260450928,
        0.3009325973038765
      ],
      "tip_pos_cam": [
        -0.09021707646847353,
        0.025860407052812395,
        0.39741838240246574
      ],
      "R_cam": [
        [
          -0.3597109979037732,
          0.026897668194744206,
          -0.9326759959561292
        ],
        [
          -0.4836609659806595,
          0.8494332834956693,
          0.21103356812702057
        ],
        [
          0.7979223445760416,
          0.5270100685332795,
          -0.29254114187720864
        ]
      ]
    },
    {
      "timestamp": 1771441974.1315203,
      "local_timestamp": 1771441974.1315203,
      "center_pos_cam": [
        -0.17074227221675586,
        -0.07354507704856203,
        0.3007655036667602
      ],
      "imu_pos_cam": [
        -0.17074227221675586,
        -0.07354507704856203,
        0.3007655036667602
      ],
      "tip_pos_cam": [
        -0.09019231347095244,
        0.025931309334989605,
        0.3970190422481272
      ],
      "R_cam": [
        [
          -0.3575581491055375,
          0.028633871083235424,
          -0.9334518045592988
        ],
        [
          -0.4835455255393649,
          0.8494381076672639,
          0.21127855067071444
        ],
        [
          0.7989592572460011,
          0.5269108109248157,
          -0.2898777373160477
        ]
      ]
    },
    {
      "timestamp": 1771441974.1648536,
      "local_timestamp": 1771441974.1648536,
      "center_pos_cam": [
        -0.17099982843367176,
        -0.07351738868599383,
        0.3006692785156698
      ],
      "imu_pos_cam": [
        -0.17099982843367176,
        -0.07351738868599383,
        0.3006692785156698
      ],
      "tip_pos_cam": [
        -0.09036302111917015,
        0.025899627284853288,
        0.39691143784769667
      ],
      "R_cam": [
        [
          -0.35788628585876275,
          0.029353794324968402,
          -0.9333036810990019
        ],
        [
          -0.48321543851761173,
          0.8494434718356121,
          0.21201091512960774
        ],
        [
          0.799012043947056,
          0.5268625465096082,
          -0.28981996258532433
        ]
      ]
    },
    {
      "timestamp": 1771441974.1981869,
      "local_timestamp": 1771441974.1981869,
      "center_pos_cam": [
        -0.1708108195991317,
        -0.07353078232026919,
        0.2998108889315806
      ],
      "imu_pos_cam": [
        -0.1708108195991317,
        -0.07353078232026919,
        0.2998108889315806
      ],
      "tip_pos_cam": [
        -0.09148324546806791,
        0.025731329150248936,
        0.39729299087963055
      ],
      "R_cam": [
        [
          -0.35594977254945664,
          0.01923480511781181,
          -0.9343071131560919
        ],
        [
          -0.4943542552102318,
          0.8445656225330773,
          0.20572500963872378
        ],
        [
          0.7930407491280177,
          0.53510646745054,
          -0.29111413348560927
        ]
      ]
    },
    {
      "timestamp": 1771441974.2315202,
      "local_timestamp": 1771441974.2315202,
      "center_pos_cam": [
        -0.17097304729147833,
        -0.07354553688021732,
        0.2997313384315251
      ],
      "imu_pos_cam": [
        -0.17097304729147833,
        -0.07354553688021732,
        0.2997313384315251
      ],
      "tip_pos_cam": [
        -0.09151521123322337,
        0.025526309937138073,
        0.39730086466001985
      ],
      "R_cam": [
        [
          -0.3563283754861346,
          0.020281354907265237,
          -0.9341406507943747
        ],
        [
          -0.49479408815957804,
          0.8439808049969582,
          0.20706330220253513
        ],
        [
          0.7925963027580586,
          0.5359898016192214,
          -0.29069921467806514
        ]
      ]
    },
    {
      "timestamp": 1771441974.2648535,
      "local_timestamp": 1771441974.2648535,
      "center_pos_cam": [
        -0.1712632079381469,
        -0.07366703097168012,
        0.2999383633367925
      ],
      "imu_pos_cam": [
        -0.1712632079381469,
        -0.07366703097168012,
        0.2999383633367925
      ],
      "tip_pos_cam": [
        -0.09174087313427284,
        0.025186553991949162,
        0.39767657489447383
      ],
      "R_cam": [
        [
          -0.3574768652772726,
          0.021022075671322,
          -0.9336853662374731
        ],
        [
          -0.49527435131249153,
          0.8433176161238398,
          0.2086113977403805
        ],
        [
          0.7917787618542984,
          0.537004162618572,
          -0.2910548429536963
        ]
      ]
    },
    {
      "timestamp": 1771441974.2981868,
      "local_timestamp": 1771441974.2981868,
      "center_pos_cam": [
        -0.1711446746282127,
        -0.07369656512030887,
        0.29953294397145375
      ],
      "imu_pos_cam": [
        -0.1711446746282127,
        -0.07369656512030887,
        0.29953294397145375
      ],
      "tip_pos_cam": [
        -0.09179396776167183,
        0.02481433649862036,
        0.39775543922239365
      ],
      "R_cam": [
        [
          -0.35908630226268556,
          0.020131050535674988,
          -0.9330872243963266
        ],
        [
          -0.4978658727809844,
          0.84150670132431,
          0.20975234050257105
        ],
        [
          0.7894216872162427,
          0.5398714776968755,
          -0.29215096666287477
        ]
      ]
    },
    {
      "timestamp": 1771441974.3315203,
      "local_timestamp": 1771441974.3315203,
      "center_pos_cam": [
        -0.17132245165856366,
        -0.0738673965901963,
        0.29974995824795436
      ],
      "imu_pos_cam": [
        -0.17132245165856366,
        -0.0738673965901963,
        0.29974995824795436
      ],
      "tip_pos_cam": [
        -0.09213245543848393,
        0.02429671782069856,
        0.39844819598249287
      ],
      "R_cam": [
        [
          -0.362404428503571,
          0.01972336352516868,
          -0.9318122231073459
        ],
        [
          -0.49906959932635353,
          0.8402582666579133,
          0.21188577191796557
        ],
        [
          0.7871420235441843,
          0.5418274949135502,
          -0.29466998579168835
        ]
      ]
    },
    {
      "timestamp": 1771441974.3648536,
      "local_timestamp": 1771441974.3648536,
      "center_pos_cam": [
        -0.17140237162294444,
        -0.07403722649797481,
        0.2998825238914247
      ],
      "imu_pos_cam": [
        -0.17140237162294444,
        -0.07403722649797481,
        0.2998825238914247
      ],
      "tip_pos_cam": [
        -0.09234397255909128,
        0.023817545416697034,
        0.39899258464361614
      ],
      "R_cam": [
        [
          -0.3644653755647853,
          0.01924035529726953,
          -0.9310181516718432
        ],
        [
          -0.5007408652599739,
          0.8388894703343972,
          0.21336129550780222
        ],
        [
          0.7851264712599577,
          0.5439616395391405,
          -0.2961117337033059
        ]
      ]
    },
    {
      "timestamp": 1771441974.398187,
      "local_timestamp": 1771441974.398187,
      "center_pos_cam": [
        -0.17044689677555472,
        -0.07381304620052387,
        0.29833436845999256
      ],
      "imu_pos_cam": [
        -0.17044689677555472,
        -0.07381304620052387,
        0.29833436845999256
      ],
      "tip_pos_cam": [
        -0.09142253286413293,
        0.024045629396755544,
        0.39746771557415284
      ],
      "R_cam": [
        [
          -0.36468889504923,
          0.019042681240454357,
          -0.9309346841314629
        ],
        [
          -0.5007457021873907,
          0.8388959275089172,
          0.21332455214956164
        ],
        [
          0.785019586742031,
          0.5439586373063015,
          -0.29640048807524383
        ]
      ]
    },
    {
      "timestamp": 1771441974.4315202,
      "local_timestamp": 1771441974.4315202,
      "center_pos_cam": [
        -0.17003933004337754,
        -0.07384693599106548,
        0.2978586813786985
      ],
      "imu_pos_cam": [
        -0.17003933004337754,
        -0.07384693599106548,
        0.2978586813786985
      ],
      "tip_pos_cam": [
        -0.09107531335468406,
        0.023875723044857675,
        0.39717412313198985
      ],
      "R_cam": [
        [
          -0.3641232686235094,
          0.018464795803359357,
          -0.9311677059278161
        ],
        [
          -0.5026300916513308,
          0.8378096908442427,
          0.21316170597471096
        ],
        [
          0.7840773152014451,
          0.5456500464981329,
          -0.2957850411076919
        ]
      ]
    },
    {
      "timestamp": 1771441974.4648535,
      "local_timestamp": 1771441974.4648535,
      "center_pos_cam": [
        -0.1700541909778836,
        -0.0740543356888492,
        0.29800989003926
      ],
      "imu_pos_cam": [
        -0.1700541909778836,
        -0.0740543356888492,
        0.29800989003926
      ],
      "tip_pos_cam": [
        -0.09161159063507603,
        0.022991615638054463,
