{
  "metadata": {
    "start_time": 1771441414.872792,
    "tip_offset_body": [
      0.0,
      0.13752252060999998,
      -0.08207403558
    ],
    "imu_to_tip_body": [
      0.0,
      0.0,
      0.0
    ],
    "filtered": true,
    "filter_type": "OneEuro",
    "video_source": "outputs/video.mp4",
    "end_time": 1771441418.7664273,
    "cv_count": 247
  },
  "cv_readings": [
    {
      "timestamp": 1771441419.429752,
      "local_timestamp": 1771441419.429752,
      "center_pos_cam": [
        -0.11404609983139156,
        -0.06656969481383294,
        0.3965213370687464
      ],
      "imu_pos_cam": [
        -0.11404609983139156,
        -0.06656969481383294,
        0.3965213370687464
      ],
      "tip_pos_cam": [
        -0.07188645910608821,
        0.027643282415880807,
        0.5189756983905947
      ],
      "R_cam": [
        [
          0.32334038959113065,
          -0.23975329790749567,
          -0.9154066575033936
        ],
        [
          -0.8005294182799954,
          0.4465232961709915,
          -0.3997118917981861
        ],
        [
          0.5045826423167447,
          0.8620529578390601,
          -0.047550551559153706
        ]
      ]
    },
    {
      "timestamp": 1771441419.4630854,
      "local_timestamp": 1771441419.4630854,
      "center_pos_cam": [
        -0.11315690572898005,
        -0.06558562132796686,
        0.39368322731679617
      ],
      "imu_pos_cam": [
        -0.11315690572898005,
        -0.06558562132796686,
        0.39368322731679617
      ],
      "tip_pos_cam": [
        -0.07043120574670003,
        0.02913257395549229,
        0.5155502410431678
      ],
      "R_cam": [
        [
          0.32312085144904706,
          -0.23622982186988256,
          -0.9163996871552098
        ],
        [
          -0.7987539441859708,
          0.45124221633666184,
          -0.39796054935499864
        ],
        [
          0.5075283755675124,
          0.8605672161167313,
          -0.04288373280046076
        ]
      ]
    },
    {
      "timestamp": 1771441419.496419,
      "local_timestamp": 1771441419.496419,
      "center_pos_cam": [
        -0.11275797469324678,
        -0.0646163567913774,
        0.3924706615716466
      ],
      "imu_pos_cam": [
        -0.11275797469324678,
        -0.0646163567913774,
        0.3924706615716466
      ],
      "tip_pos_cam": [
        -0.06969216797807562,
        0.030330937959303722,
        0.5140393191393511
      ],
      "R_cam": [
        [
          0.32314204005005354,
          -0.23408121602257176,
          -0.9169434040646589
        ],
        [
          -0.7979662216944596,
          0.4534919012923192,
          -0.39698237303052425
        ],
        [
          0.5087525243052446,
          0.8599715575341269,
          -0.04024660538939867
        ]
      ]
    },
    {
      "timestamp": 1771441419.5297523,
      "local_timestamp": 1771441419.5297523,
      "center_pos_cam": [
        -0.11207359334652889,
        -0.06344066954930674,
        0.39016375617163995
      ],
      "imu_pos_cam": [
        -0.11207359334652889,
        -0.06344066954930674,
        0.39016375617163995
      ],
      "tip_pos_cam": [
        -0.06893086532383272,
        0.030929495323921724,
        0.5121537885180343
      ],
      "R_cam": [
        [
          0.32347207933393546,
          -0.23353547882412395,
          -0.9169661902282809
        ],
        [
          -0.8003666039021919,
          0.44940645366396864,
          -0.3967960921723491
        ],
        [
          0.5047564890612624,
          0.86226157257271,
          -0.04154355804436244
        ]
      ]
    },
    {
      "timestamp": 1771441419.5630856,
      "local_timestamp": 1771441419.5630856,
      "center_pos_cam": [
        -0.11161721425972285,
        -0.06241327075230841,
        0.38865901976790035
      ],
      "imu_pos_cam": [
        -0.11161721425972285,
        -0.06241327075230841,
        0.38865901976790035
      ],
      "tip_pos_cam": [
        -0.06842304032802227,
        0.031143654654357304,
        0.5112557409235845
      ],
      "R_cam": [
        [
          0.3248860691767066,
          -0.2329516391518892,
          -0.9166147368831445
        ],
        [
          -0.8035542327538071,
          0.44311595644371193,
          -0.397427784847027
        ],
        [
          0.49874806974899527,
          0.8656684024275244,
          -0.04322707438896378
        ]
      ]
    },
    {
      "timestamp": 1771441419.5964189,
      "local_timestamp": 1771441419.5964189,
      "center_pos_cam": [
        -0.11121360501225382,
        -0.061295769136070745,
        0.38708890484678643
      ],
      "imu_pos_cam": [
        -0.11121360501225382,
        -0.061295769136070745,
        0.38708890484678643
      ],
      "tip_pos_cam": [
        -0.06741656214127625,
        0.03251942608853934,
        0.5092736795613187
      ],
      "R_cam": [
        [
          0.32440084075650244,
          -0.22922998810560025,
          -0.9177241998931818
        ],
        [
          -0.8028658500001086,
          0.4462802376296979,
          -0.39527253434153936
        ],
        [
          0.500170492352435,
          0.8650361622812579,
          -0.03926724494583189
        ]
      ]
    },
    {
      "timestamp": 1771441419.6297522,
      "local_timestamp": 1771441419.6297522,
      "center_pos_cam": [
        -0.1106918017347133,
        -0.0601192913220887,
        0.3848912060774754
      ],
      "imu_pos_cam": [
        -0.1106918017347133,
        -0.0601192913220887,
        0.3848912060774754
      ],
      "tip_pos_cam": [
        -0.06593400473009794,
        0.03439855480368723,
        0.506183033346887
      ],
      "R_cam": [
        [
          0.3237168452541137,
          -0.22326469930797038,
          -0.9194347601334454
        ],
        [
          -0.8005189778705677,
          0.4533775395103138,
          -0.3919415424991793
        ],
        [
          0.5043577799219383,
          0.8629030540625615,
          -0.031961682085244913
        ]
      ]
    },
    {
      "timestamp": 1771441419.6630855,
      "local_timestamp": 1771441419.6630855,
      "center_pos_cam": [
        -0.1108002832915227,
        -0.059498105303254355,
        0.38458246159256276
      ],
      "imu_pos_cam": [
        -0.1108002832915227,
        -0.059498105303254355,
        0.38458246159256276
      ],
      "tip_pos_cam": [
        -0.06556755092390752,
        0.034447087395677846,
        0.5061427004975402
      ],
      "R_cam": [
        [
          0.3245044187157305,
          -0.22010070370311285,
          -0.9199198674142008
        ],
        [
          -0.8030232367600265,
          0.4498368108429635,
          -0.39089707703445786
        ],
        [
          0.4998505411194598,
          0.8655648582515506,
          -0.030771946681299345
        ]
      ]
    },
    {
      "timestamp": 1771441419.6964188,
      "local_timestamp": 1771441419.6964188,
      "center_pos_cam": [
        -0.11093175479237052,
        -0.05881583324803914,
        0.38429955278611755
      ],
      "imu_pos_cam": [
        -0.11093175479237052,
        -0.05881583324803914,
        0.38429955278611755
      ],
      "tip_pos_cam": [
        -0.06488189337446301,
        0.035653865296860224,
        0.5051444008829328
      ],
      "R_cam": [
        [
          0.3229596544827543,
          -0.21517753762191572,
          -0.9216266537374824
        ],
        [
          -0.8014095993265437,
          0.4558234689760068,
          -0.38725652898040164
        ],
        [
          0.5034279647413811,
          0.86366868209612,
          -0.02523275416403009
        ]
      ]
    },
    {
      "timestamp": 1771441419.7297523,
      "local_timestamp": 1771441419.7297523,
      "center_pos_cam": [
        -0.11107278477948568,
        -0.05828265286864209,
        0.38394390830052405
      ],
      "imu_pos_cam": [
        -0.11107278477948568,
        -0.05828265286864209,
        0.38394390830052405
      ],
      "tip_pos_cam": [
        -0.06442896950988268,
        0.03597106081068474,
        0.5047295984548863
      ],
      "R_cam": [
        [
          0.3230020770786312,
          -0.21137467238521662,
          -0.922491412467852
        ],
        [
          -0.8025725967838224,
          0.4553858455524008,
          -0.3853582210907113
        ],
        [
          0.5015444996155001,
          0.8648378342467261,
          -0.022552945724898743
        ]
      ]
    },
    {
      "timestamp": 1771441419.7630856,
      "local_timestamp": 1771441419.7630856,
      "center_pos_cam": [
        -0.11142033417561101,
        -0.057903379378872986,
        0.3846073067945689
      ],
      "imu_pos_cam": [
        -0.11142033417561101,
        -0.057903379378872986,
        0.3846073067945689
      ],
      "tip_pos_cam": [
        -0.06405427276148694,
        0.03651629259797052,
        0.5049816095390237
      ],
      "R_cam": [
        [
          0.32289345062926783,
          -0.20676821292349523,
          -0.9235728047453264
        ],
        [
          -0.80221367323327,
          0.457999443140937,
          -0.38300095634368336
        ],
        [
          0.5021882535646458,
          0.8645712325812234,
          -0.017987267015175668
        ]
      ]
    },
    {
      "timestamp": 1771441419.796419,
      "local_timestamp": 1771441419.796419,
      "center_pos_cam": [
        -0.11173344925727541,
        -0.0575685309157572,
        0.3855591596122177
      ],
      "imu_pos_cam": [
        -0.11173344925727541,
        -0.0575685309157572,
        0.3855591596122177
      ],
      "tip_pos_cam": [
        -0.063787946484676,
        0.03727583120909855,
        0.5053688701048438
      ],
      "R_cam": [
        [
          0.3221355063393948,
          -0.20318676148744647,
          -0.9246317404846675
        ],
        [
          -0.8007591413597379,
          0.4625112773136023,
          -0.3806154435733727
        ],
        [
          0.5049886266880442,
          0.8630170672205641,
          -0.013712352159256036
        ]
      ]
    },
    {
      "timestamp": 1771441419.8297522,
      "local_timestamp": 1771441419.8297522,
      "center_pos_cam": [
        -0.11192680083973865,
        -0.05730791220675359,
        0.38641502824306656
      ],
      "imu_pos_cam": [
        -0.11192680083973865,
        -0.05730791220675359,
        0.38641502824306656
      ],
      "tip_pos_cam": [
        -0.0634914345921107,
        0.03790545782614198,
        0.5057340143884074
      ],
      "R_cam": [
        [
          0.3222349892382499,
          -0.20001641267351034,
          -0.9252880883118754
        ],
        [
          -0.7993914654664829,
          0.466074602610124,
          -0.37914080463749056
        ],
        [
          0.5070876617015777,
          0.8618398339964538,
          -0.009705868688131336
        ]
      ]
    },
    {
      "timestamp": 1771441419.8630855,
      "local_timestamp": 1771441419.8630855,
      "center_pos_cam": [
        -0.11185721200790275,
        -0.05710022926861726,
        0.386494062456385
      ],
      "imu_pos_cam": [
        -0.11185721200790275,
        -0.05710022926861726,
        0.386494062456385
      ],
      "tip_pos_cam": [
        -0.06329350305346672,
        0.03801477187207148,
        0.505839333506019
      ],
      "R_cam": [
        [
          0.32253343297954984,
          -0.19913461393314014,
          -0.9253742973219677
        ],
        [
          -0.7998329553437085,
          0.46547655388053594,
          -0.3789443512359696
        ],
        [
          0.5062009760525711,
          0.8623670815384825,
          -0.009142675878792195
        ]
      ]
    },
    {
      "timestamp": 1771441419.8964188,
      "local_timestamp": 1771441419.8964188,
      "center_pos_cam": [
        -0.11209019750617083,
        -0.05704935592072963,
        0.38768663911362106
      ],
      "imu_pos_cam": [
        -0.11209019750617083,
        -0.05704935592072963,
        0.38768663911362106
      ],
      "tip_pos_cam": [
        -0.06339186896931225,
        0.03849237985984422,
        0.5066355378603777
      ],
      "R_cam": [
        [
          0.32143710455230734,
          -0.1984686784907932,
          -0.9258986831587714
        ],
        [
          -0.7981729653815227,
          0.46932435777158565,
          -0.3776963920086547
        ],
        [
          0.5095077086277455,
          0.8604329322267987,
          -0.0075540709883787915
        ]
      ]
    },
    {
      "timestamp": 1771441419.929752,
      "local_timestamp": 1771441419.929752,
      "center_pos_cam": [
        -0.11166733061400658,
        -0.056736857398239214,
        0.38649007371473854
      ],
      "imu_pos_cam": [
        -0.11166733061400658,
        -0.056736857398239214,
        0.38649007371473854
      ],
      "tip_pos_cam": [
        -0.06313975301334249,
        0.038744218314324334,
        0.5055574050205934
      ],
      "R_cam": [
        [
          0.3204024475562748,
          -0.1997587506785729,
          -0.9259798664805217
        ],
        [
          -0.79846106205905,
          0.46902421119693466,
          -0.3774602253041074
        ],
        [
          0.5097079594978706,
          0.8602980476779133,
          -0.00922307899175323
        ]
      ]
    },
    {
      "timestamp": 1771441419.9630854,
      "local_timestamp": 1771441419.9630854,
      "center_pos_cam": [
        -0.11156041236218472,
        -0.056559271022587405,
        0.3863854052128999
      ],
      "imu_pos_cam": [
        -0.11156041236218472,
        -0.056559271022587405,
        0.3863854052128999
      ],
      "tip_pos_cam": [
        -0.06299304542098369,
        0.03899975562705273,
        0.5053739520797604
      ],
      "R_cam": [
        [
          0.31939799241410377,
          -0.1996858592867956,
          -0.9263425284648948
        ],
        [
          -0.7982357076375491,
          0.4701229770862598,
          -0.3765689066664075
        ],
        [
          0.5106903929919003,
          0.8597150365187562,
          -0.009240048123914213
        ]
      ]
    },
    {
      "timestamp": 1771441419.996419,
      "local_timestamp": 1771441419.996419,
      "center_pos_cam": [
        -0.11135387271163526,
        -0.05634467592710274,
        0.38560362870870385
      ],
      "imu_pos_cam": [
        -0.11135387271163526,
        -0.05634467592710274,
        0.38560362870870385
      ],
      "tip_pos_cam": [
        -0.06301509165974815,
        0.0391826822042865,
        0.5047106271855776
      ],
      "R_cam": [
        [
          0.3184279317511278,
          -0.20133438371834317,
          -0.9263196630825961
        ],
        [
          -0.7983706100121004,
          0.46988934712123404,
          -0.3765745218823062
        ],
        [
          0.5110851409986463,
          0.8594582406346081,
          -0.011113561789921622
        ]
      ]
    },
    {
      "timestamp": 1771441420.0297523,
      "local_timestamp": 1771441420.0297523,
      "center_pos_cam": [
        -0.11121057705509224,
        -0.05624835308964132,
        0.38497666820913695
      ],
      "imu_pos_cam": [
        -0.11121057705509224,
        -0.05624835308964132,
        0.38497666820913695
      ],
      "tip_pos_cam": [
        -0.06321967577233623,
        0.038962917201615696,
        0.5044767870162283
      ],
      "R_cam": [
        [
          0.31924618283936623,
          -0.2034233669543325,
          -0.9255813354424651
        ],
        [
          -0.799505842378548,
          0.46656044316737666,
          -0.3783011510345028
        ],
        [
          0.5087949319176268,
          0.860778883714293,
          -0.013690529811276053
        ]
      ]
    },
    {
      "timestamp": 1771441420.0630856,
      "local_timestamp": 1771441420.0630856,
      "center_pos_cam": [
        -0.11128267078523042,
        -0.056248777814355236,
        0.38492860943486124
      ],
      "imu_pos_cam": [
        -0.11128267078523042,
        -0.056248777814355236,
        0.38492860943486124
      ],
      "tip_pos_cam": [
        -0.06357574786153228,
        0.038578037050516725,
        0.5048473972833489
      ],
      "R_cam": [
        [
          0.3199613727157097,
          -0.2051176598986249,
          -0.9249602508041042
        ],
        [
          -0.800949218101281,
          0.46291832600047506,
          -0.3797195984879698
        ],
        [
          0.5060682463787132,
          0.8623417936355806,
          -0.01617284627219756
        ]
      ]
    },
    {
      "timestamp": 1771441420.0964189,
      "local_timestamp": 1771441420.0964189,
      "center_pos_cam": [
        -0.11126722450595895,
        -0.05607770317085525,
        0.38432126573949593
      ],
      "imu_pos_cam": [
        -0.11126722450595895,
        -0.05607770317085525,
        0.38432126573949593
      ],
      "tip_pos_cam": [
        -0.06408619237229943,
        0.03863763577803042,
        0.5045358479078638
      ],
      "R_cam": [
        [
          0.3189276555430084,
          -0.2086792392326144,
          -0.9245204841663258
        ],
        [
          -0.8013014127810232,
          0.46157812891329825,
          -0.3806069846758398
        ],
        [
          0.5061632112322828,
          0.8622056634134319,
          -0.020004938710916353
        ]
      ]
    },
    {
      "timestamp": 1771441420.1630855,
      "local_timestamp": 1771441420.1630855,
      "center_pos_cam": [
        -0.1120056829405356,
        -0.05577322680399622,
        0.3847609055150274
      ],
      "imu_pos_cam": [
        -0.1120056829405356,
        -0.05577322680399622,
        0.3847609055150274
      ],
      "tip_pos_cam": [
        -0.06445435347674876,
        0.04006189791811906,
        0.5039376269292279
      ],
      "R_cam": [
        [
          0.3186561364426732,
          -0.2063538644521299,
          -0.9251358545279178
        ],
        [
          -0.7967112634079205,
          0.47046509976143985,
          -0.37935966135768
        ],
        [
          0.5135264642317703,
          0.8579514394953427,
          -0.014487857035665852
        ]
      ]
    },
    {
      "timestamp": 1771441420.1964188,
      "local_timestamp": 1771441420.1964188,
      "center_pos_cam": [
        -0.11201038189487142,
        -0.05558922557898516,
        0.38326772413182764
      ],
      "imu_pos_cam": [
        -0.11201038189487142,
        -0.05558922557898516,
        0.38326772413182764
      ],
      "tip_pos_cam": [
        -0.06506839150974769,
        0.0399428668964569,
        0.5029283268265388
      ],
      "R_cam": [
        [
          0.3197469699367303,
          -0.2100615984944612,
          -0.923924239347703
        ],
        [
          -0.7976543442940134,
          0.4666054738957344,
          -0.38213463433641387
        ],
        [
          0.5113799196733944,
          0.8591585747511858,
          -0.01836086017439864
        ]
      ]
    },
    {
      "timestamp": 1771441420.2297523,
      "local_timestamp": 1771441420.2297523,
      "center_pos_cam": [
        -0.11269304927362446,
        -0.0556926550152827,
        0.3839744798834516
      ],
      "imu_pos_cam": [
        -0.11269304927362446,
        -0.0556926550152827,
        0.3839744798834516
      ],
      "tip_pos_cam": [
        -0.06591547822293947,
        0.040076425482468286,
        0.5035099685825337
      ],
      "R_cam": [
        [
          0.32042781608884696,
          -0.2109900813260157,
          -0.9234766917787224
        ],
        [
          -0.7965025733337976,
          0.46767934505070935,
          -0.38322275622094526
        ],
        [
          0.5127471748817057,
          0.8583467922669606,
          -0.018196671559617683
        ]
      ]
    },
    {
      "timestamp": 1771441420.2630856,
      "local_timestamp": 1771441420.2630856,
      "center_pos_cam": [
        -0.11308528953610222,
        -0.055606404068744654,
        0.3833917037938695
      ],
      "imu_pos_cam": [
        -0.11308528953610222,
        -0.055606404068744654,
        0.3833917037938695
      ],
      "tip_pos_cam": [
        -0.06672138871084096,
        0.040130115104772844,
        0.5031142939267221
      ],
      "R_cam": [
        [
          0.32239684809285607,
          -0.21327533606043525,
          -0.9222656360117188
        ],
        [
          -0.7962638452234844,
          0.46575161490252204,
          -0.38605611250905464
        ],
        [
          0.5118829564751134,
          0.8588300555080739,
          -0.019666586544082154
        ]
      ]
    },
    {
      "timestamp": 1771441420.296419,
      "local_timestamp": 1771441420.296419,
      "center_pos_cam": [
        -0.11377271419582138,
        -0.05560302106587141,
        0.38329101198905885
      ],
      "imu_pos_cam": [
        -0.11377271419582138,
        -0.05560302106587141,
        0.38329101198905885
      ],
      "tip_pos_cam": [
        -0.06850357812815422,
        0.040162851524472354,
        0.5034084293689378
      ],
      "R_cam": [
        [
          0.323261505741643,
          -0.22009754420579009,
          -0.9203581204836658
        ],
        [
          -0.7955537939275313,
          0.46345700085497893,
          -0.3902585928919684
        ],
        [
          0.5124413721326145,
          0.8583499748896648,
          -0.025281628384162425
        ]
      ]
    },
    {
      "timestamp": 1771441420.3630855,
      "local_timestamp": 1771441420.3630855,
      "center_pos_cam": [
        -0.11514435784164657,
        -0.05562934876961549,
        0.3825315969545269
      ],
      "imu_pos_cam": [
        -0.11514435784164657,
        -0.05562934876961549,
        0.3825315969545269
      ],
      "tip_pos_cam": [
        -0.07148621108323633,
        0.0402594007044612,
        0.5031462931454714
      ],
      "R_cam": [
        [
          0.32347211368095335,
          -0.23027890000740908,
          -0.9177894202278397
        ],
        [
          -0.7942429229987373,
          0.4611435066866282,
          -0.39563220989598635
        ],
        [
          0.5143383817461015,
          0.8569237389943971,
          -0.0337303218286481
        ]
      ]
    },
    {
      "timestamp": 1771441420.3964188,
      "local_timestamp": 1771441420.3964188,
      "center_pos_cam": [
        -0.11566867916143754,
        -0.055455229336544856,
        0.38196764202093236
      ],
      "imu_pos_cam": [
        -0.11566867916143754,
        -0.055455229336544856,
        0.38196764202093236
      ],
      "tip_pos_cam": [
        -0.07101254354513795,
        0.041178412640507214,
        0.5016186335813225
      ],
      "R_cam": [
        [
          0.3253618321776339,
          -0.22360753795938076,
          -0.9187705628337022
        ],
        [
          -0.7913112091003531,
          0.46752787986017746,
          -0.39401047182224125
        ],
        [
          0.5176545648539679,
          0.855229413971007,
          -0.024827423641158697
        ]
      ]
    },
    {
      "timestamp": 1771441420.429752,
      "local_timestamp": 1771441420.429752,
      "center_pos_cam": [
        -0.11587000586420804,
        -0.05528267095244496,
        0.3795737620680662
      ],
      "imu_pos_cam": [
        -0.11587000586420804,
        -0.05528267095244496,
        0.3795737620680662
      ],
      "tip_pos_cam": [
        -0.07279711697328813,
        0.040917347581050006,
        0.5001510139361556
      ],
      "R_cam": [
        [
          0.33166766513522167,
          -0.23245724628494785,
          -0.9143085849719282
        ],
        [
          -0.7916468710755953,
          0.4585578263851965,
          -0.4037572926612023
        ],
        [
          0.513119665789541,
          0.8577227690288414,
          -0.03193524807366749
        ]
      ]
    },
    {
      "timestamp": 1771441420.4630854,
      "local_timestamp": 1771441420.4630854,
      "center_pos_cam": [
        -0.11719406087144532,
        -0.05538571978265933,
        0.3807145982181943
      ],
      "imu_pos_cam": [
        -0.11719406087144532,
        -0.05538571978265933,
        0.3807145982181943
      ],
      "tip_pos_cam": [
        -0.07430639709826684,
        0.04102659951907491,
        0.501188263283445
      ],
      "R_cam": [
        [
          0.3321437136865596,
          -0.23353674103963973,
          -0.9138605714457131
        ],
        [
          -0.790585258978434,
          0.4595005585917403,
          -0.40476435729925786
        ],
        [
          0.5144467919469451,
          0.8569246333479177,
          -0.03201048292409381
        ]
      ]
    },
    {
      "timestamp": 1771441420.496419,
      "local_timestamp": 1771441420.496419,
      "center_pos_cam": [
        -0.11850007001627645,
        -0.05545255717979217,
        0.3816162461948332
      ],
      "imu_pos_cam": [
        -0.11850007001627645,
        -0.05545255717979217,
        0.3816162461948332
      ],
      "tip_pos_cam": [
        -0.07586021614531617,
        0.04123812025799729,
        0.5019547136514177
      ],
      "R_cam": [
        [
          0.33210227572527995,
          -0.235107301790005,
          -0.9134728431119962
        ],
        [
          -0.7892673022421424,
          0.4610239832934669,
          -0.4056032697595468
        ],
        [
          0.5164931791122712,
          0.855676015483225,
          -0.03245539180553264
        ]
      ]
    },
    {
      "timestamp": 1771441420.5297523,
      "local_timestamp": 1771441420.5297523,
      "center_pos_cam": [
        -0.11990342165325386,
        -0.05555110011952087,
        0.38260765607615005
      ],
      "imu_pos_cam": [
        -0.11990342165325386,
        -0.05555110011952087,
        0.38260765607615005
      ],
      "tip_pos_cam": [
        -0.07748244248958802,
        0.041382545082275804,
        0.5028279536385958
      ],
      "R_cam": [
        [
          0.33230460799943734,
          -0.2364483132039008,
          -0.913053033884325
        ],
        [
          -0.7880805974788496,
          0.4622406685134116,
          -0.40652495157081525
        ],
        [
          0.5181723838451058,
          0.8546494951471652,
          -0.03273562379084921
        ]
      ]
    },
    {
      "timestamp": 1771441420.5630856,
      "local_timestamp": 1771441420.5630856,
      "center_pos_cam": [
        -0.12091034070410377,
        -0.05546008269382364,
        0.38204765408856645
      ],
      "imu_pos_cam": [
        -0.12091034070410377,
        -0.05546008269382364,
        0.38204765408856645
      ],
      "tip_pos_cam": [
        -0.07912222161927422,
        0.04149620723811747,
        0.5024711648217304
      ],
      "R_cam": [
        [
          0.3313448163057195,
          -0.24060941060187668,
          -0.9123144875738555
        ],
        [
          -0.7877625302130432,
          0.4616131971655852,
          -0.4078522430916749
        ],
        [
          0.5192694952523912,
          0.8538268956482831,
          -0.03658993806967664
        ]
      ]
    },
    {
      "timestamp": 1771441420.5964189,
      "local_timestamp": 1771441420.5964189,
      "center_pos_cam": [
        -0.12259200570929268,
        -0.05557683170661625,
        0.38379431577933554
      ],
      "imu_pos_cam": [
        -0.12259200570929268,
        -0.05557683170661625,
        0.38379431577933554
      ],
      "tip_pos_cam": [
        -0.07973327666040482,
        0.04236278743750322,
        0.5030400760290561
      ],
      "R_cam": [
        [
          0.33364102205198576,
          -0.23343678230667753,
          -0.9133405372972401
        ],
        [
          -0.7837725591089711,
          0.4696608032507582,
          -0.4063487485862691
        ],
        [
          0.5238169947528246,
          0.8514258620432889,
          -0.026263233844328937
        ]
      ]
    },
    {
      "timestamp": 1771441420.6297522,
      "local_timestamp": 1771441420.6297522,
      "center_pos_cam": [
        -0.12368800323870538,
        -0.05548621114357044,
        0.3832319152399775
      ],
      "imu_pos_cam": [
        -0.12368800323870538,
        -0.05548621114357044,
        0.3832319152399775
      ],
      "tip_pos_cam": [
        -0.08100387421705482,
        0.04247155203579071,
        0.5025253884640993
      ],
      "R_cam": [
        [
          0.3348527837863794,
          -0.23430839136060072,
          -0.912673649739336
        ],
        [
          -0.7834541660976255,
          0.4689113508740118,
          -0.4078255934168229
        ],
        [
          0.5235199927555649,
          0.851599508430763,
          -0.026553614173901008
        ]
      ]
    },
    {
      "timestamp": 1771441420.6964188,
      "local_timestamp": 1771441420.6964188,
      "center_pos_cam": [
        -0.12711006976748931,
        -0.05567928540980868,
        0.3854535152017678
      ],
      "imu_pos_cam": [
        -0.12711006976748931,
        -0.05567928540980868,
        0.3854535152017678
      ],
      "tip_pos_cam": [
        -0.08365899159417438,
        0.04362132732109014,
        0.5033517047899014
      ],
      "R_cam": [
        [
          0.34252606681631537,
          -0.22798703758505418,
          -0.9114262472874786
        ],
        [
          -0.7769815894288712,
          0.476644551016698,
          -0.41122935410142514
        ],
        [
          0.5281813166327733,
          0.8490181874843914,
          -0.013878547502837013
        ]
      ]
    },
    {
      "timestamp": 1771441420.7297523,
      "local_timestamp": 1771441420.7297523,
      "center_pos_cam": [
        -0.12828917422922306,
        -0.05553952917255975,
        0.3850154314451195
      ],
      "imu_pos_cam": [
        -0.12828917422922306,
        -0.05553952917255975,
        0.3850154314451195
      ],
      "tip_pos_cam": [
        -0.08410522391238157,
        0.04430392202158985,
        0.5021805063580616
      ],
      "R_cam": [
        [
          0.34544112860614434,
          -0.22277109020755492,
          -0.9116158555197748
        ],
        [
          -0.7745843437577457,
          0.48073348230511426,
          -0.41099198702186535
        ],
        [
          0.5298013977640074,
          0.8480969050518555,
          -0.006489882030375926
        ]
      ]
    },
    {
      "timestamp": 1771441420.796419,
      "local_timestamp": 1771441420.796419,
      "center_pos_cam": [
        -0.13056253352578628,
        -0.055203649951249815,
        0.3831782205335834
      ],
      "imu_pos_cam": [
        -0.13056253352578628,
        -0.055203649951249815,
        0.3831782205335834
      ],
      "tip_pos_cam": [
        -0.08651053167162333,
        0.04493788830226297,
        0.5001384036737274
      ],
      "R_cam": [
        [
          0.34923261462388533,
          -0.22285540959342814,
          -0.9101494642628265
        ],
        [
          -0.7727066211812181,
          0.48095164440469007,
          -0.4142583654280621
        ],
        [
          0.5300575991962291,
          0.8479510493886837,
          -0.004237850275787325
        ]
      ]
    },
    {
      "timestamp": 1771441420.8297522,
      "local_timestamp": 1771441420.8297522,
      "center_pos_cam": [
        -0.13174040785207247,
        -0.05502743909859368,
        0.3822984671885187
      ],
      "imu_pos_cam": [
        -0.13174040785207247,
        -0.05502743909859368,
        0.3822984671885187
      ],
      "tip_pos_cam": [
        -0.08771855106972758,
        0.04538710818371116,
        0.49903571835899746
      ],
      "R_cam": [
        [
          0.35153444673340367,
          -0.22258502289933196,
          -0.9093291155245957
        ],
        [
          -0.77116828215151,
          0.48185478868274806,
          -0.4160714400520579
        ],
        [
          0.5307758598159196,
          0.8475092154097251,
          -0.0022619531965014095
        ]
      ]
    },
    {
      "timestamp": 1771441420.8630855,
      "local_timestamp": 1771441420.8630855,
      "center_pos_cam": [
        -0.13291459978997963,
        -0.054843683177594194,
        0.38132221194526605
      ],
      "imu_pos_cam": [
        -0.13291459978997963,
        -0.054843683177594194,
        0.38132221194526605
      ],
      "tip_pos_cam": [
        -0.08874953103112274,
        0.045626116933479816,
        0.49795778524295786
      ],
      "R_cam": [
        [
          0.3542771796382523,
          -0.2211213441040294,
          -0.9086215004990762
        ],
        [
          -0.7706572050903671,
          0.4813320235686754,
          -0.41762058777027256
        ],
        [
          0.529693451186504,
          0.8481891500537551,
          0.0001161947464464741
        ]
      ]
    },
    {
      "timestamp": 1771441420.8964188,
      "local_timestamp": 1771441420.8964188,
      "center_pos_cam": [
        -0.13453950899862116,
        -0.05479773581960889,
        0.3814292087768026
      ],
      "imu_pos_cam": [
        -0.13453950899862116,
        -0.05479773581960889,
        0.3814292087768026
      ],
      "tip_pos_cam": [
        -0.09042333410963382,
        0.045703270010782525,
        0.498056400852917
      ],
      "R_cam": [
        [
          0.3550284320409467,
          -0.22127894386001307,
          -0.9082898444036156
        ],
        [
          -0.7703931611632817,
          0.4811288144254901,
          -0.4183412974622139
        ],
        [
          0.5295745364680906,
          0.8482633393785917,
          0.00034262353601360873
        ]
      ]
    },
    {
      "timestamp": 1771441420.929752,
      "local_timestamp": 1771441420.929752,
      "center_pos_cam": [
        -0.13611908779578333,
        -0.05468570919399289,
        0.38140985032259933
      ],
      "imu_pos_cam": [
        -0.13611908779578333,
        -0.05468570919399289,
        0.38140985032259933
      ],
      "tip_pos_cam": [
        -0.09173962067767828,
        0.0460990681200376,
        0.49769176014261085
      ],
      "R_cam": [
        [
          0.3564958387283161,
          -0.2193068384610775,
          -0.9081933866603531
        ],
        [
          -0.7690677474931151,
          0.48307623631800917,
          -0.4185357209016852
        ],
        [
          0.5305143888107662,
          0.847668485027628,
          0.0035528517708096063
        ]
      ]
    },
    {
      "timestamp": 1771441420.9630854,
      "local_timestamp": 1771441420.9630854,
      "center_pos_cam": [
        -0.13760674271066034,
        -0.054531679595009444,
        0.3812401854538702
      ],
      "imu_pos_cam": [
        -0.13760674271066034,
        -0.054531679595009444,
        0.3812401854538702
      ],
      "tip_pos_cam": [
        -0.09263238472122938,
        0.04681562211387176,
        0.4968023875403763
      ],
      "R_cam": [
        [
          0.3606346491906421,
          -0.21466731597748517,
          -0.9076676667449188
        ],
        [
          -0.7663137952320629,
          0.48656354434770493,
          -0.4195462841556709
        ],
        [
          0.5317008717692444,
          0.8468611815184479,
          0.010969147505802856
        ]
      ]
    },
    {
      "timestamp": 1771441420.996419,
      "local_timestamp": 1771441420.996419,
      "center_pos_cam": [
        -0.13934299527401056,
        -0.05443135717222157,
        0.38165150923582697
      ],
      "imu_pos_cam": [
        -0.13934299527401056,
        -0.05443135717222157,
        0.38165150923582697
      ],
      "tip_pos_cam": [
        -0.09375309331048934,
        0.047476935350232743,
        0.49647681892593576
      ],
      "R_cam": [
        [
          0.3642494722414529,
          -0.20998373534303544,
          -0.9073197632936304
        ],
        [
          -0.7636255070316875,
          0.4903454226577174,
          -0.42004458274000267
        ],
        [
          0.5331026233122677,
          0.8458535318658963,
          0.01825912504935262
        ]
      ]
    },
    {
      "timestamp": 1771441421.0297523,
      "local_timestamp": 1771441421.0297523,
      "center_pos_cam": [
        -0.14088566162827748,
        -0.05424843034311905,
        0.38150163819814015
      ],
      "imu_pos_cam": [
        -0.14088566162827748,
        -0.05424843034311905,
        0.38150163819814015
      ],
      "tip_pos_cam": [
        -0.09483893530348424,
        0.04809073235186749,
        0.4957600548026671
      ],
      "R_cam": [
        [
          0.3669682776018705,
          -0.20648700730928948,
          -0.9070266804490208
        ],
        [
          -0.7615455209165399,
          0.4932651602403362,
          -0.42040207095711535
        ],
        [
          0.5342122263725086,
          0.8450163297271415,
          0.023763410710556543
        ]
      ]
    },
    {
      "timestamp": 1771441421.0630856,
      "local_timestamp": 1771441421.0630856,
      "center_pos_cam": [
        -0.14243056376233304,
        -0.05409837854231153,
        0.3814400101143476
      ],
      "imu_pos_cam": [
        -0.14243056376233304,
        -0.05409837854231153,
        0.3814400101143476
      ],
      "tip_pos_cam": [
        -0.0958478418474418,
        0.04870834428265067,
        0.4950596332095959
      ],
      "R_cam": [
        [
          0.37071374862091705,
          -0.20225013572179995,
          -0.9064580515302081
        ],
        [
          -0.7592015916622924,
          0.4961884871574973,
          -0.4212005798070513
        ],
        [
          0.5349619236925836,
          0.8443292413584098,
          0.030395269142792336
        ]
      ]
    },
    {
      "timestamp": 1771441421.0964189,
      "local_timestamp": 1771441421.0964189,
      "center_pos_cam": [
        -0.14407776092303137,
        -0.05403311245300457,
        0.381664029630124
      ],
      "imu_pos_cam": [
        -0.14407776092303137,
        -0.05403311245300457,
        0.381664029630124
      ],
      "tip_pos_cam": [
        -0.09720455234345528,
        0.0489981730803796,
        0.4949603116084343
      ],
      "R_cam": [
        [
          0.3741003060586228,
          -0.19965114150578933,
          -0.9056425247868388
        ],
        [
          -0.7578963655593192,
          0.49696956850799856,
          -0.4226279061407905
        ],
        [
          0.5344549186590201,
          0.8444884070680954,
          0.03460159315365685
        ]
      ]
    },
    {
      "timestamp": 1771441421.1297522,
      "local_timestamp": 1771441421.1297522,
      "center_pos_cam": [
        -0.14563801476240534,
        -0.053952230974248075,
        0.38169330473971486
      ],
      "imu_pos_cam": [
        -0.14563801476240534,
        -0.053952230974248075,
        0.38169330473971486
      ],
      "tip_pos_cam": [
        -0.09845590012548774,
        0.049380644589654105,
        0.49458597889264133
      ],
      "R_cam": [
        [
          0.3772201859491059,
          -0.19698132544723734,
          -0.9049327537102253
        ],
        [
          -0.7562664167700511,
          0.4984885431657746,
          -0.423757335273681
        ],
        [
          0.534570891630202,
          0.8442200718755228,
          0.03906957977989495
        ]
      ]
    },
    {
      "timestamp": 1771441421.1630855,
      "local_timestamp": 1771441421.1630855,
      "center_pos_cam": [
        -0.1471732464574796,
        -0.053869639723373344,
        0.3817152839028917
      ],
      "imu_pos_cam": [
        -0.1471732464574796,
        -0.053869639723373344,
