{
  "metadata": {
    "start_time": 1770770713.095996,
    "tip_offset_body": [
      0.0,
      0.13752252060999998,
      -0.08207403558
    ],
    "imu_to_tip_body": [
      0.0,
      0.0,
      0.0
    ],
    "filtered": true,
    "filter_type": "OneEuro",
    "end_time": 1770770725.9058185,
    "imu_count": 0,
    "cv_count": 996
  },
  "imu_readings": [],
  "cv_readings": [
    {
      "timestamp": 1770770715.1166208,
      "local_timestamp": 1770770715.1166208,
      "imu_pos_cam": [
        -0.10081924182653926,
        -0.004950096697235562,
        0.47575212459870986
      ],
      "tip_pos_cam": [
        -0.10081924182653926,
        -0.004950096697235562,
        0.47575212459870986
      ],
      "R_cam": [
        [
          -0.18554067566135712,
          0.8882268695530198,
          0.42027096720945434
        ],
        [
          0.6375923924458888,
          0.4342615229270135,
          -0.6363119288526968
        ],
        [
          -0.747696862886461,
          0.14989982624791268,
          -0.64689987117064
        ]
      ]
    },
    {
      "timestamp": 1770770715.1298535,
      "local_timestamp": 1770770715.1298535,
      "imu_pos_cam": [
        -0.1010651683311844,
        -0.004806850938356981,
        0.4758772739939488
      ],
      "tip_pos_cam": [
        -0.1010651683311844,
        -0.004806850938356981,
        0.4758772739939488
      ],
      "R_cam": [
        [
          -0.18790080436004725,
          0.8875087948071516,
          0.4207391434853724
        ],
        [
          0.6368071649332432,
          0.4362165462777507,
          -0.6357607721802252
        ],
        [
          -0.7477766527583838,
          0.14846974066613192,
          -0.6471373993952128
        ]
      ]
    },
    {
      "timestamp": 1770770715.1404045,
      "local_timestamp": 1770770715.1404045,
      "imu_pos_cam": [
        -0.10124906437133964,
        -0.0046997363031743445,
        0.47597085674236167
      ],
      "tip_pos_cam": [
        -0.10124906437133964,
        -0.0046997363031743445,
        0.47597085674236167
      ],
      "R_cam": [
        [
          -0.18966464370743413,
          0.8869678669063166,
          0.42108826391030096
        ],
        [
          0.6362167007418689,
          0.43767699067923044,
          -0.635348063290591
        ],
        [
          -0.7478339605985168,
          0.14740032193191477,
          -0.6473156204433077
        ]
      ]
    },
    {
      "timestamp": 1770770715.1508253,
      "local_timestamp": 1770770715.1508253,
      "imu_pos_cam": [
        -0.10141953014161117,
        -0.004600444449046608,
        0.47605760496858157
      ],
      "tip_pos_cam": [
        -0.10141953014161117,
        -0.004600444449046608,
        0.47605760496858157
      ],
      "R_cam": [
        [
          -0.19129890048294387,
          0.8864634094172914,
          0.42141114655202055
        ],
        [
          0.6356668434433641,
          0.4390296524190169,
          -0.6349650608053855
        ],
        [
          -0.7478852818586328,
          0.146408975343416,
          -0.6474812870794991
        ]
      ]
    },
    {
      "timestamp": 1770770715.16137,
      "local_timestamp": 1770770715.16137,
      "imu_pos_cam": [
        -0.10158130556966533,
        -0.004506214492039889,
        0.47613993077162875
      ],
      "tip_pos_cam": [
        -0.10158130556966533,
        -0.004506214492039889,
        0.47613993077162875
      ],
      "R_cam": [
        [
          -0.19284915395897964,
          0.8859819712265015,
          0.4217169079831979
        ],
        [
          0.6351427817156375,
          0.4403123496327269,
          -0.6346011988606938
        ],
        [
          -0.7479323837432286,
          0.14546814573132685,
          -0.6476389178590658
        ]
      ]
    },
    {
      "timestamp": 1770770715.172111,
      "local_timestamp": 1770770715.172111,
      "imu_pos_cam": [
        -0.10173567340955658,
        -0.00441629926145676,
        0.4762184869314644
      ],
      "tip_pos_cam": [
        -0.10173567340955658,
        -0.00441629926145676,
        0.4762184869314644
      ],
      "R_cam": [
        [
          -0.1943277906471453,
          0.8855201299650588,
          0.42200806770589655
        ],
        [
          0.6346406880963014,
          0.4415353945695918,
          -0.634253649855425
        ],
        [
          -0.7479758731368629,
          0.1445703799847679,
          -0.6477897023233754
        ]
      ]
    },
    {
      "timestamp": 1770770715.1826606,
      "local_timestamp": 1770770715.1826606,
      "imu_pos_cam": [
        -0.10187786464899323,
        -0.004333476582264942,
        0.4762908465482103
      ],
      "tip_pos_cam": [
        -0.10187786464899323,
        -0.004333476582264942,
        0.4762908465482103
      ],
      "R_cam": [
        [
          -0.195689240958175,
          0.885092605424336,
          0.42227574024134273
        ],
        [
          0.6341764489165729,
          0.44266116744539485,
          -0.6339332161004387
        ],
        [
          -0.748014674062467,
          0.14374341953300232,
          -0.6479289133293717
        ]
      ]
    },
    {
      "timestamp": 1770770715.1931372,
      "local_timestamp": 1770770715.1931372,
      "imu_pos_cam": [
        -0.1020103514337706,
        -0.004256306494176221,
        0.4763582676706955
      ],
      "tip_pos_cam": [
        -0.1020103514337706,
        -0.004256306494176221,
        0.4763582676706955
      ],
      "R_cam": [
        [
          -0.19695729372618642,
          0.8846924364218618,
          0.42252469440969587
        ],
        [
          0.6337423840596537,
          0.44370941525326013,
          -0.6336343941595948
        ],
        [
          -0.7480497410563307,
          0.14297289167377175,
          -0.648058899446645
        ]
      ]
    },
    {
      "timestamp": 1770770715.2037213,
      "local_timestamp": 1770770715.2037213,
      "imu_pos_cam": [
        -0.10307815514630309,
        -0.004671532237175492,
        0.47803323848259877
      ],
      "tip_pos_cam": [
        -0.10307815514630309,
        -0.004671532237175492,
        0.47803323848259877
      ],
      "R_cam": [
        [
          -0.20550752357788565,
          0.8814108827879468,
          0.42530167346938275
        ],
        [
          0.6381059758853849,
          0.4501773755054849,
          -0.6246287650455704
        ],
        [
          -0.7420157823740986,
          0.14302162873483953,
          -0.6549483891283253
        ]
      ]
    },
    {
      "timestamp": 1770770715.2139854,
      "local_timestamp": 1770770715.2139854,
      "imu_pos_cam": [
        -0.10405094253852792,
        -0.005049809970223363,
        0.4795591654568549
      ],
      "tip_pos_cam": [
        -0.10405094253852792,
        -0.005049809970223363,
        0.4795591654568549
      ],
      "R_cam": [
        [
          -0.21331189459993585,
          0.8783713819977266,
          0.4277402844128546
        ],
        [
          0.6419756052672854,
          0.45604743237423906,
          -0.6163505996318707
        ],
        [
          -0.7364545864232828,
          0.14312391383786224,
          -0.6611733414346376
        ]
      ]
    },
    {
      "timestamp": 1770770715.239893,
      "local_timestamp": 1770770715.239893,
      "imu_pos_cam": [
        -0.10616259371623629,
        -0.005870945839043052,
        0.4828715289990215
      ],
      "tip_pos_cam": [
        -0.10616259371623629,
        -0.005870945839043052,
        0.4828715289990215
      ],
      "R_cam": [
        [
          -0.23029463299740804,
          0.8716122252557484,
          0.43273145344117514
        ],
        [
          0.650024349225275,
          0.46871047389528897,
          -0.5981461669818772
        ],
        [
          -0.7241772762430806,
          0.1435361294085095,
          -0.6745106760664183
        ]
      ]
    },
    {
      "timestamp": 1770770715.2513044,
      "local_timestamp": 1770770715.2513044,
      "imu_pos_cam": [
        -0.10594143075010717,
        -0.005659963539274932,
        0.4823431482895734
      ],
      "tip_pos_cam": [
        -0.10594143075010717,
        -0.005659963539274932,
        0.4823431482895734
      ],
      "R_cam": [
        [
          -0.22520938892891496,
          0.8726544078416475,
          0.43330706850085937
        ],
        [
          0.6479338753694032,
          0.46628009411542026,
          -0.602299399784278
        ],
        [
          -0.7276416867435864,
          0.14511084834104782,
          -0.670433007396481
        ]
      ]
    },
    {
      "timestamp": 1770770715.2617085,
      "local_timestamp": 1770770715.2617085,
      "imu_pos_cam": [
        -0.10660405499692735,
        -0.0059128955527045024,
        0.48352684049002503
      ],
      "tip_pos_cam": [
        -0.10660405499692735,
        -0.0059128955527045024,
        0.48352684049002503
      ],
      "R_cam": [
        [
          -0.21543910097776206,
          0.8742251957518383,
          0.4351049308874285
        ],
        [
          0.6444145865947168,
          0.4620527698259822,
          -0.609292276727761
        ],
        [
          -0.7337000983738889,
          0.14912258383222243,
          -0.6629077014467005
        ]
      ]
    },
    {
      "timestamp": 1770770715.272426,
      "local_timestamp": 1770770715.272426,
      "imu_pos_cam": [
        -0.1072435674116078,
        -0.00615700548896863,
        0.4846692464025492
      ],
      "tip_pos_cam": [
        -0.1072435674116078,
        -0.00615700548896863,
        0.4846692464025492
      ],
      "R_cam": [
        [
          -0.20597982615748792,
          0.8756869496096157,
          0.43674326268362484
        ],
        [
          0.6409237543881315,
          0.4579878666647794,
          -0.6160063758183567
        ],
        [
          -0.7394518593371399,
          0.1530342454199415,
          -0.6555848285703354
        ]
      ]
    },
    {
      "timestamp": 1770770715.2830958,
      "local_timestamp": 1770770715.2830958,
      "imu_pos_cam": [
        -0.10742001762432828,
        -0.006147793451797286,
        0.48489658283766374
      ],
      "tip_pos_cam": [
        -0.10742001762432828,
        -0.006147793451797286,
        0.48489658283766374
      ],
      "R_cam": [
        [
          -0.20393442828322952,
          0.8760211272812352,
          0.43703287464183616
        ],
        [
          0.6395960241156592,
          0.4571927851180023,
          -0.6179738531454918
        ],
        [
          -0.7411664286084698,
          0.15349834459354528,
          -0.6535369792986528
        ]
      ]
    },
    {
      "timestamp": 1770770715.293814,
      "local_timestamp": 1770770715.293814,
      "imu_pos_cam": [
        -0.10718396940137369,
        -0.005947880240596268,
        0.48431306961102666
      ],
      "tip_pos_cam": [
        -0.10718396940137369,
        -0.005947880240596268,
        0.48431306961102666
      ],
      "R_cam": [
        [
          -0.20152093563455048,
          0.8764895943273657,
          0.4372131099782177
        ],
        [
          0.6388035688997079,
          0.45598495790144716,
          -0.6196835632228852
        ],
        [
          -0.7425087964879415,
          0.15441408356579803,
          -0.6517951963113591
        ]
      ]
    },
    {
      "timestamp": 1770770715.304547,
      "local_timestamp": 1770770715.304547,
      "imu_pos_cam": [
        -0.10714848422640867,
        -0.0058450939982634354,
        0.4840995186073666
      ],
      "tip_pos_cam": [
        -0.10714848422640867,
        -0.0058450939982634354,
        0.4840995186073666
      ],
      "R_cam": [
        [
          -0.2000871194579999,
          0.8768742726289402,
          0.43710027983114735
        ],
        [
          0.6379178988865102,
          0.4552000922841168,
          -0.6211711762990552
        ],
        [
          -0.7436571111118486,
          0.1545457407565758,
          -0.650453468825235
        ]
      ]
    },
    {
      "timestamp": 1770770715.3150408,
      "local_timestamp": 1770770715.3150408,
      "imu_pos_cam": [
        -0.10711593645982294,
        -0.005750816243483531,
        0.48390364502838246
      ],
      "tip_pos_cam": [
        -0.10711593645982294,
        -0.005750816243483531,
        0.48390364502838246
      ],
      "R_cam": [
        [
          -0.1987721340567222,
          0.8772261510319642,
          0.436994186080527
        ],
        [
          0.6371026715765221,
          0.45448007666634416,
          -0.6225335700051945
        ],
        [
          -0.744707878696469,
          0.15466783718342927,
          -0.649221099124486
        ]
      ]
    },
    {
      "timestamp": 1770770715.3254845,
      "local_timestamp": 1770770715.3254845,
      "imu_pos_cam": [
        -0.10708553867653309,
        -0.00566276612332229,
        0.48372071012283413
      ],
      "tip_pos_cam": [
        -0.10708553867653309,
        -0.00566276612332229,
        0.48372071012283413
      ],
      "R_cam": [
        [
          -0.19754414082533625,
          0.87755395738094,
          0.4368928522082176
        ],
        [
          0.636338818857303,
          0.4538075226723406,
          -0.6238041679736406
        ],
        [
          -0.7456870791698571,
          0.15478302313575884,
          -0.6480686658897212
        ]
      ]
    },
    {
      "timestamp": 1770770715.3360891,
      "local_timestamp": 1770770715.3360891,
      "imu_pos_cam": [
        -0.10705660064125434,
        -0.005578944304499963,
        0.48354656003103336
      ],
      "tip_pos_cam": [
        -0.10705660064125434,
        -0.005578944304499963,
        0.48354656003103336
      ],
      "R_cam": [
        [
          -0.19637523927279418,
          0.8778652774302396,
          0.4367943681904355
        ],
        [
          0.635609429714626,
          0.4531671792475407,
          -0.6250121282908643
        ],
        [
          -0.7466173171433953,
          0.15489371302656624,
          -0.6469702616090194
        ]
      ]
    },
    {
      "timestamp": 1770770715.3465292,
      "local_timestamp": 1770770715.3465292,
      "imu_pos_cam": [
        -0.10702986528330959,
        -0.005501502753675593,
        0.4833856657272024
      ],
      "tip_pos_cam": [
        -0.10702986528330959,
        -0.005501502753675593,
        0.4833856657272024
      ],
      "R_cam": [
        [
          -0.19529542100381683,
          0.878152254309139,
          0.43670163359749353
        ],
        [
          0.6349336405541118,
          0.4525755044378569,
          -0.6261267322799127
        ],
        [
          -0.7474750635490417,
          0.1549968742736347,
          -0.6459543314645079
        ]
      ]
    },
    {
      "timestamp": 1770770715.3572628,
      "local_timestamp": 1770770715.3572628,
      "imu_pos_cam": [
        -0.10700411497136342,
        -0.0054269144838853325,
        0.4832306994640774
      ],
      "tip_pos_cam": [
        -0.10700411497136342,
        -0.0054269144838853325,
        0.4832306994640774
      ],
      "R_cam": [
        [
          -0.1942554916896009,
          0.8784280699159377,
          0.4366107304363832
        ],
        [
          0.6342810110303361,
          0.4520055659173229,
          -0.6271989855110541
        ],
        [
          -0.7482996745921825,
          0.15509704821021394,
          -0.6449748077574136
        ]
      ]
    },
    {
      "timestamp": 1770770715.3678463,
      "local_timestamp": 1770770715.3678463,
      "imu_pos_cam": [
        -0.10698030810027832,
        -0.005357955578569207,
        0.4830874288949104
      ],
      "tip_pos_cam": [
        -0.10698030810027832,
        -0.005357955578569207,
        0.4830874288949104
      ],
      "R_cam": [
        [
          -0.1932941422777455,
          0.8786825552071343,
          0.43652530480577195
        ],
        [
          0.6336761212663234,
          0.45147858840021077,
          -0.6281891892997054
        ],
        [
          -0.7490607104220448,
          0.15519037145008224,
          -0.644068319909625
        ]
      ]
    },
    {
      "timestamp": 1770770715.3785505,
      "local_timestamp": 1770770715.3785505,
      "imu_pos_cam": [
        -0.10719844588303284,
        -0.005673011375846918,
        0.48379618429130966
      ],
      "tip_pos_cam": [
        -0.10719844588303284,
        -0.005673011375846918,
        0.48379618429130966
      ],
      "R_cam": [
        [
          -0.19360295980865402,
          0.8793110192822781,
          0.43512070201507336
        ],
        [
          0.633890484185759,
          0.4506201230845729,
          -0.628589181206604
        ],
        [
          -0.7487995379352694,
          0.1541221464942853,
          -0.6446282773412296
        ]
      ]
    },
    {
      "timestamp": 1770770715.3891022,
      "local_timestamp": 1770770715.3891022,
      "imu_pos_cam": [
        -0.10706405270263994,
        -0.005459933016079255,
        0.4832189205486167
      ],
      "tip_pos_cam": [
        -0.10706405270263994,
        -0.005459933016079255,
        0.4832189205486167
      ],
      "R_cam": [
        [
          -0.19189122086021138,
          0.8796408565073822,
          0.4352122734019994
        ],
        [
          0.6325905921665983,
          0.44990096215020847,
          -0.6304111887955586
        ],
        [
          -0.7503378586071012,
          0.15434081708762531,
          -0.6427845752051259
        ]
      ]
    },
    {
      "timestamp": 1770770715.3999188,
      "local_timestamp": 1770770715.3999188,
      "imu_pos_cam": [
        -0.10693505295077074,
        -0.005255405855859008,
        0.48266482338868066
      ],
      "tip_pos_cam": [
        -0.10693505295077074,
        -0.005255405855859008,
        0.48266482338868066
      ],
      "R_cam": [
        [
          -0.19024786434132676,
          0.8799563736821295,
          0.43529591145536906
        ],
        [
          0.6313381200909546,
          0.44921076678175453,
          -0.6321565194849827
        ],
        [
          -0.7518097686473509,
          0.15455247466004715,
          -0.6410113917418879
        ]
      ]
    },
    {
      "timestamp": 1770770715.4104636,
      "local_timestamp": 1770770715.4104636,
      "imu_pos_cam": [
        -0.10689804979131917,
        -0.005241682666980827,
        0.4824585500744101
      ],
      "tip_pos_cam": [
        -0.10689804979131917,
        -0.005241682666980827,
        0.4824585500744101
      ],
      "R_cam": [
        [
          -0.1901454437054221,
          0.8799167558829795,
          0.4354207309653978
        ],
        [
          0.6323044278573731,
          0.4490383973433678,
          -0.631312623209183
        ],
        [
          -0.7510231825649779,
          0.155277237313371,
          -0.6417578661943296
        ]
      ]
    },
    {
      "timestamp": 1770770715.4207115,
      "local_timestamp": 1770770715.4207115,
      "imu_pos_cam": [
        -0.10686426373128137,
        -0.005229152588732907,
        0.48227021041143436
      ],
      "tip_pos_cam": [
        -0.10686426373128137,
        -0.005229152588732907,
        0.48227021041143436
      ],
      "R_cam": [
        [
          -0.19005207399782423,
          0.8798804868846406,
          0.43553477239914307
        ],
        [
          0.6331857684163813,
          0.4488802061240662,
          -0.630541309689518
        ],
        [
          -0.7503039329792177,
          0.15593873588580792,
          -0.6424384163530805
        ]
      ]
    },
    {
      "timestamp": 1770770715.4314682,
      "local_timestamp": 1770770715.4314682,
      "imu_pos_cam": [
        -0.10683104538925814,
        -0.005216833057412851,
        0.48208503548028636
      ],
      "tip_pos_cam": [
        -0.10683104538925814,
        -0.005216833057412851,
        0.48208503548028636
      ],
      "R_cam": [
        [
          -0.18996040958140836,
          0.8798447384384533,
          0.4356469660560408
        ],
        [
          0.6340514088710301,
          0.4487239218018303,
          -0.6297822265763353
        ],
        [
          -0.7495957935449781,
          0.15658888289069045,
          -0.6431065759691159
        ]
      ]
    },
    {
      "timestamp": 1770770715.4419405,
      "local_timestamp": 1770770715.4419405,
      "imu_pos_cam": [
        -0.10680070199534016,
        -0.005205579744665688,
        0.48191588688534337
      ],
      "tip_pos_cam": [
        -0.10680070199534016,
        -0.005205579744665688,
        0.48191588688534337
      ],
      "R_cam": [
        [
          -0.18987679674930288,
          0.8798120069702462,
          0.4357495088318655
        ],
        [
          0.6348413576043448,
          0.4485805128713706,
          -0.6290882085583318
        ],
        [
          -0.7489480974882685,
          0.1571825558484344,
          -0.6437160798097695
        ]
      ]
    },
    {
      "timestamp": 1770770715.4522874,
      "local_timestamp": 1770770715.4522874,
      "imu_pos_cam": [
        -0.1067725520392726,
        -0.00519513990196704,
        0.4817589655623892
      ],
      "tip_pos_cam": [
        -0.1067725520392726,
        -0.00519513990196704,
        0.4817589655623892
      ],
      "R_cam": [
        [
          -0.18979932916058068,
          0.8797815759421528,
          0.43584468940545273
        ],
        [
          0.6355735420446447,
          0.4484469155047632,
          -0.6284438213771284
        ],
        [
          -0.7483465021652856,
          0.1577331373142809,
          -0.6442808161741091
        ]
      ]
    },
    {
      "timestamp": 1770770715.4629123,
      "local_timestamp": 1770770715.4629123,
      "imu_pos_cam": [
        -0.10674545472725197,
        -0.0051850904484484345,
        0.4816079121809709
      ],
      "tip_pos_cam": [
        -0.10674545472725197,
        -0.0051850904484484345,
        0.4816079121809709
      ],
      "R_cam": [
        [
          -0.18972485042656456,
          0.8797522232464379,
          0.4359363563911227
        ],
        [
          0.6362777450378707,
          0.4483178095336599,
          -0.6278230426039363
        ],
        [
          -0.7477667499295089,
          0.15826296897218659,
          -0.6448237901566354
        ]
      ]
    },
    {
      "timestamp": 1770770715.4736233,
      "local_timestamp": 1770770715.4736233,
      "imu_pos_cam": [
        -0.10671986037956721,
        -0.005175598392291671,
        0.48146523704182653
      ],
      "tip_pos_cam": [
        -0.10671986037956721,
        -0.005175598392291671,
        0.48146523704182653
      ],
      "R_cam": [
        [
          -0.18965458566116886,
          0.8797244449580041,
          0.43602297999190637
        ],
        [
          0.6369423459908329,
          0.4481954103732334,
          -0.627236256927215
        ],
        [
          -0.7472185664324626,
          0.15876326736276544,
          -0.6453360666466076
        ]
      ]
    },
    {
      "timestamp": 1770770715.4841628,
      "local_timestamp": 1770770715.4841628,
      "imu_pos_cam": [
        -0.10669623985009348,
        -0.005166838356873752,
        0.48133356490972795
      ],
      "tip_pos_cam": [
        -0.10669623985009348,
        -0.005166838356873752,
        0.48133356490972795
      ],
      "R_cam": [
        [
          -0.18958981125022673,
          0.8796987627018557,
          0.43610295845239105
        ],
        [
          0.6375552245921029,
          0.4480820593160881,
          -0.6266943463239216
        ],
        [
          -0.7467121527505878,
          0.15922485679025816,
          -0.6458083352781265
        ]
      ]
    },
    {
      "timestamp": 1770770715.4948132,
      "local_timestamp": 1770770715.4948132,
      "imu_pos_cam": [
        -0.10667386794990268,
        -0.005158541394764773,
        0.4812088532346363
      ],
      "tip_pos_cam": [
        -0.10667386794990268,
        -0.005158541394764773,
        0.4812088532346363
      ],
      "R_cam": [
        [
          -0.1895285243603624,
          0.8796743971923882,
          0.43617874017195324
        ],
        [
          0.6381352897184205,
          0.44797435410388164,
          -0.6261807487309058
        ],
        [
          -0.7462320620757132,
          0.15966193343880952,
          -0.6462551945948366
        ]
      ]
    },
    {
      "timestamp": 1770770715.5053182,
      "local_timestamp": 1770770715.5053182,
      "imu_pos_cam": [
        -0.10665316784899657,
        -0.0051508644450463685,
        0.48109346096859956
      ],
      "tip_pos_cam": [
        -0.10665316784899657,
        -0.0051508644450463685,
        0.48109346096859956
      ],
      "R_cam": [
        [
          -0.1894718722866669,
          0.8796518170712432,
          0.436248885769861
        ],
        [
          0.6386716475146353,
          0.44787439766162657,
          -0.6257052425704747
        ],
        [
          -0.7457874605228532,
          0.16006625079165013,
          -0.646668275922345
        ]
      ]
    },
    {
      "timestamp": 1770770715.5156605,
      "local_timestamp": 1770770715.5156605,
      "imu_pos_cam": [
        -0.10663403168036337,
        -0.005143767503583788,
        0.48098678680928675
      ],
      "tip_pos_cam": [
        -0.10663403168036337,
        -0.005143767503583788,
        0.48098678680928675
      ],
      "R_cam": [
        [
          -0.1894195474370784,
          0.8796309126847125,
          0.43631375465161815
        ],
        [
          0.6391671739437818,
          0.44778173691145257,
          -0.6252654155167088
        ],
        [
          -0.7453761190174074,
          0.16043993747824353,
          -0.6470498185306333
        ]
      ]
    },
    {
      "timestamp": 1770770715.5261185,
      "local_timestamp": 1770770715.5261185,
      "imu_pos_cam": [
        -0.10661587464887022,
        -0.005137033690138106,
        0.4808855708288429
      ],
      "tip_pos_cam": [
        -0.10661587464887022,
        -0.005137033690138106,
        0.4808855708288429
      ],
      "R_cam": [
        [
          -0.18936994170606658,
          0.8796110510682931,
          0.43637532471116436
        ],
        [
          0.6396370715393616,
          0.44769358982847673,
          -0.6248478745575131
        ],
        [
          -0.7449855313298313,
          0.1607944292101713,
          -0.6474115458069809
        ]
      ]
    },
    {
      "timestamp": 1770770715.5367825,
      "local_timestamp": 1770770715.5367825,
      "imu_pos_cam": [
        -0.10659852262539606,
        -0.0051305984262556715,
        0.4807888423482384
      ],
      "tip_pos_cam": [
        -0.10659852262539606,
        -0.0051305984262556715,
        0.4807888423482384
      ],
      "R_cam": [
        [
          -0.1893225733681479,
          0.8795920456248698,
          0.4364341834534957
        ],
        [
          0.640085885958908,
          0.44760914389881573,
          -0.6244486471235
        ],
        [
          -0.7446119941348397,
          0.16113313616890376,
          -0.6477569687922403
        ]
      ]
    },
    {
      "timestamp": 1770770715.5472808,
      "local_timestamp": 1770770715.5472808,
      "imu_pos_cam": [
        -0.10658249729744963,
        -0.005124655187745692,
        0.48069950950323875
      ],
      "tip_pos_cam": [
        -0.10658249729744963,
        -0.005124655187745692,
        0.48069950950323875
      ],
      "R_cam": [
        [
          -0.18927885977961195,
          0.879574472115936,
          0.4364885579743218
        ],
        [
          0.6405001679758011,
          0.44753097494128774,
          -0.6240797715765759
        ],
        [
          -0.7442667855436655,
          0.1614458871265333,
          -0.6480757497904286
        ]
      ]
    },
    {
      "timestamp": 1770770715.5579252,
      "local_timestamp": 1770770715.5579252,
      "imu_pos_cam": [
        -0.10656726746099922,
        -0.005119006969450538,
        0.48061461110842635
      ],
      "tip_pos_cam": [
        -0.10656726746099922,
        -0.005119006969450538,
        0.48061461110842635
      ],
      "R_cam": [
        [
          -0.1892373455695591,
          0.8795577521129649,
          0.43654024756003335
        ],
        [
          0.6408936918214343,
          0.44745652651241674,
          -0.623729053888734
        ],
        [
          -0.7439385074220044,
          0.16174306037487618,
          -0.648378500256825
        ]
      ]
    },
    {
      "timestamp": 1770770715.5684495,
      "local_timestamp": 1770770715.5684495,
      "imu_pos_cam": [
        -0.10655314351092185,
        -0.0051137688860681835,
        0.4805358774533484
      ],
      "tip_pos_cam": [
        -0.10655314351092185,
        -0.0051137688860681835,
        0.4805358774533484
      ],
      "R_cam": [
        [
          -0.18919887150176987,
          0.8795422298040866,
          0.4365881961456497
        ],
        [
          0.6412584721164009,
          0.4473873449244954,
          -0.6234036698162355
        ],
        [
          -0.7436338877171993,
          0.16201860878512106,
          -0.6486590872299084
        ]
      ]
    },
    {
      "timestamp": 1770770715.5787868,
      "local_timestamp": 1770770715.5787868,
      "imu_pos_cam": [
        -0.11232687184628251,
        -0.008386705639153308,
        0.49241215891403023
      ],
      "tip_pos_cam": [
        -0.11232687184628251,
        -0.008386705639153308,
        0.49241215891403023
      ],
      "R_cam": [
        [
          -0.19770859808185276,
          0.8797975449044948,
          0.43228184119221563
        ],
        [
          0.6382657130488707,
          0.4502367839197606,
          -0.624422707748371
        ],
        [
          -0.7439947511849296,
          0.15245693944722327,
          -0.650560290690771
        ]
      ]
    },
    {
      "timestamp": 1770770715.5896425,
      "local_timestamp": 1770770715.5896425,
      "imu_pos_cam": [
        -0.11200048387706703,
        -0.007311250630954747,
        0.4900408903245539
      ],
      "tip_pos_cam": [
        -0.11200048387706703,
        -0.007311250630954747,
        0.4900408903245539
      ],
      "R_cam": [
        [
          -0.20167755347493996,
          0.8795726901611192,
          0.4309037562462121
        ],
        [
          0.6323999673326575,
          0.45288715978957894,
          -0.6284612174314199
        ],
        [
          -0.7479281019870938,
          0.14575700058817292,
          -0.6475789149111658
        ]
      ]
    },
    {
      "timestamp": 1770770715.6004293,
      "local_timestamp": 1770770715.6004293,
      "imu_pos_cam": [
        -0.1116967529995454,
        -0.006310451201489461,
        0.4878342296708162
      ],
      "tip_pos_cam": [
        -0.1116967529995454,
        -0.006310451201489461,
        0.4878342296708162
      ],
      "R_cam": [
        [
          -0.2053757831748357,
          0.879336215071038,
          0.4296377643432478
        ],
        [
          0.6269081808001431,
          0.4553090692894559,
          -0.6322023285852596
        ],
        [
          -0.7515363733919855,
          0.1395043808893136,
          -0.6447725235937953
        ]
      ]
    },
    {
      "timestamp": 1770770715.6113153,
      "local_timestamp": 1770770715.6113153,
      "imu_pos_cam": [
        -0.11169251202031023,
        -0.0062774186325665745,
        0.48733143843170895
      ],
      "tip_pos_cam": [
        -0.11169251202031023,
        -0.0062774186325665745,
        0.48733143843170895
      ],
      "R_cam": [
        [
          -0.20568901410388463,
          0.8795706656585511,
          0.4290075449102798
        ],
        [
          0.6282250013973019,
          0.45480498530311675,
          -0.6312572953739167
        ],
        [
          -0.7503501696516984,
          0.13967057476936795,
          -0.6461166716988986
        ]
      ]
    },
    {
      "timestamp": 1770770715.6219862,
      "local_timestamp": 1770770715.6219862,
      "imu_pos_cam": [
        -0.11168861603715374,
        -0.00624707320406937,
        0.48686954836100427
      ],
      "tip_pos_cam": [
        -0.11168861603715374,
        -0.00624707320406937,
        0.48686954836100427
      ],
      "R_cam": [
        [
          -0.20597568174609587,
          0.8797859913597457,
          0.4284280895744118
        ],
        [
          0.629432959067656,
          0.45434163099205466,
          -0.6303870496661667
        ],
        [
          -0.7492584124109422,
          0.13982235784962613,
          -0.6473496270770576
        ]
      ]
    },
    {
      "timestamp": 1770770715.632481,
      "local_timestamp": 1770770715.632481,
      "imu_pos_cam": [
        -0.11168502133574285,
        -0.006219074429369385,
        0.4864433768858837
      ],
      "tip_pos_cam": [
        -0.11168502133574285,
        -0.006219074429369385,
        0.4864433768858837
      ],
      "R_cam": [
        [
          -0.20623926061403122,
          0.879984620020511,
          0.42789301923346973
        ],
        [
          0.6305460198788082,
          0.4539138753108035,
          -0.629582330291537
        ],
        [
          -0.7482493462719304,
          0.13996164591660532,
          -0.6484856617350484
        ]
      ]
    },
    {
      "timestamp": 1770770715.642722,
      "local_timestamp": 1770770715.642722,
      "imu_pos_cam": [
        -0.11168172574094584,
        -0.006193405366580576,
        0.4860526661326136
      ],
      "tip_pos_cam": [
        -0.11168172574094584,
        -0.006193405366580576,
        0.4860526661326136
      ],
      "R_cam": [
        [
          -0.20648013085620645,
          0.8801666821770835,
          0.4274021141115107
        ],
        [
          0.6315652109074079,
          0.4535215169006217,
          -0.6288430790583932
        ],
        [
          -0.7473227816232322,
          0.14008870508911148,
          -0.6495258384185888
        ]
      ]
    },
    {
      "timestamp": 1770770715.6532183,
      "local_timestamp": 1770770715.6532183,
      "imu_pos_cam": [
        -0.11167855688456091,
        -0.00616872345678148,
        0.48567698090993566
      ],
      "tip_pos_cam": [
        -0.11167855688456091,
        -0.00616872345678148,
        0.48567698090993566
      ],
      "R_cam": [
        [
          -0.2067110365838685,
          0.8803417070052292,
          0.42692976736407384
        ],
        [
          0.6325440724146859,
          0.4531440723990898,
          -0.6281309147802021
        ],
        [
          -0.7464305351521116,
          0.1402103011789365,
          -0.6505248093930351
        ]
      ]
    },
    {
      "timestamp": 1770770715.663855,
      "local_timestamp": 1770770715.663855,
      "imu_pos_cam": [
        -0.11167554680549367,
        -0.006145278247847717,
        0.485320119605008
      ],
      "tip_pos_cam": [
        -0.11167554680549367,
        -0.006145278247847717,
        0.485320119605008
      ],
      "R_cam": [
        [
          -0.20692973534212425,
          0.8805079291846531,
          0.42648079824793106
        ],
        [
          0.6334728550344286,
          0.45278538208909125,
          -0.6274532171412986
        ],
        [
          -0.7455818040736835,
          0.14032528072086567,
          -0.651472631063533
        ]
      ]
    },
    {
      "timestamp": 1770770715.6746254,
      "local_timestamp": 1770770715.6746254,
      "imu_pos_cam": [
        -0.11167269212526922,
        -0.006123043425171499,
        0.48498168168118794
      ],
      "tip_pos_cam": [
        -0.11167269212526922,
        -0.006123043425171499,
        0.48498168168118794
      ],
      "R_cam": [
        [
          -0.20713656942848066,
          0.8806655399233733,
          0.42605474812149907
        ],
        [
          0.6343527567564696,
          0.4524450683318294,
          -0.626809412930018
        ],
        [
          -0.7447758196939989,
          0.14043385252025217,
          -0.6523705323399062
        ]
      ]
    },
    {
      "timestamp": 1770770715.6855106,
      "local_timestamp": 1770770715.6855106,
      "imu_pos_cam": [
        -0.11261855568339503,
        -0.006205103025946148,
        0.4857763719527565
      ],
      "tip_pos_cam": [
        -0.11261855568339503,
        -0.006205103025946148,
        0.4857763719527565
      ],
      "R_cam": [
        [
          -0.2008810055499369,
          0.880921225608692,
          0.42851442902348824
        ],
        [
          0.6322746586004397,
          0.45071034452030145,
          -0.6301499356772866
        ],
        [
          -0.7482483395911704,
          0.14435366159010704,
          -0.6475233143946134
        ]
      ]
    },
    {
      "timestamp": 1770770715.6962903,
      "local_timestamp": 1770770715.6962903,
      "imu_pos_cam": [
        -0.11258348518689265,
        -0.005642974365310745,
        0.4844673798526948
      ],
      "tip_pos_cam": [
        -0.11258348518689265,
        -0.005642974365310745,
        0.4844673798526948
      ],
      "R_cam": [
        [
          -0.2025924895468248,
          0.8801063762209737,
          0.42938217209661367
        ],
        [
          0.6315966257901539,
          0.45252091711003034,
          -0.6295319863743143
        ],
        [
          -0.7483595295509454,
          0.14365787870173824,
          -0.6475495567268998
        ]
      ]
    },
    {
      "timestamp": 1770770715.7068868,
      "local_timestamp": 1770770715.7068868,
      "imu_pos_cam": [
        -0.11271311874763333,
        -0.005500492114449427,
        0.48391981274317053
      ],
      "tip_pos_cam": [
        -0.11271311874763333,
        -0.005500492114449427,
        0.48391981274317053
      ],
      "R_cam": [
        [
          -0.20239011731567294,
          0.8799585693948647,
          0.42978035851059043
        ],
        [
          0.6324224108065793,
          0.4525211962954697,
          -0.6287022039192416
        ],
        [
          -0.7477166139136824,
          0.1445596176387462,
          -0.6480913378726777
        ]
      ]
    },
    {
      "timestamp": 1770770715.7177374,
      "local_timestamp": 1770770715.7177374,
      "imu_pos_cam": [
        -0.11283738917563403,
        -0.005363904565701463,
        0.4833948992973707
      ],
      "tip_pos_cam": [
        -0.11283738917563403,
        -0.005363904565701463,
        0.4833948992973707
      ],
      "R_cam": [
        [
          -0.2021965347729637,
          0.879816520621278,
          0.4301621221907783
        ],
        [
          0.6332133279769743,
          0.4525204597417938,
          -0.6279061353318667
        ],
        [
          -0.7470993525617129,
          0.1454239442352735,
          -0.6486096159053807
        ]
      ]
    },
    {
      "timestamp": 1770770715.7282171,
      "local_timestamp": 1770770715.7282171,
      "imu_pos_cam": [
        -0.1129499961557049,
        -0.005240136492900564,
        0.4829192518011717
      ],
      "tip_pos_cam": [
        -0.1129499961557049,
        -0.005240136492900564,
        0.4829192518011717
      ],
      "R_cam": [
        [
          -0.20202147402518236,
          0.8796875024490614,
          0.4305080975633624
        ],
        [
          0.6339294169089211,
          0.45251894352964483,
          -0.6271842632945517
        ],
        [
